order_id,output
001250fc-acbf-45fb-a89b-95d17005e3bf,"{""rootcause"": [{""@rid"": ""#-1:a7545597-b1f6-48c2-b774-146be74c28cb"", ""title"": ""输入电源断"", ""location"": ""SubNetwork=1004,ManagedElement=1413533,Equipment=1,ReplaceableUnit=63"", ""reason"": ""外部掉电""}, {""@rid"": ""#-1:9f1d5c2c-5b9f-4f8a-a727-2dbe97bffcce"", ""title"": ""输入电源断"", ""location"": ""SubNetwork=1004,ManagedElement=1413533,Equipment=1,ReplaceableUnit=61"", ""reason"": ""外部掉电""}, {""@rid"": ""#-1:92920b61-0316-474d-bc0f-d4d12b307027"", ""title"": ""输入电源断"", ""location"": ""SubNetwork=1004,ManagedElement=1413533,Equipment=1,ReplaceableUnit=62"", ""reason"": ""外部掉电""}, {""@rid"": ""#-1:fde9c068-2946-45c5-95f3-eae88071be39"", ""title"": ""输入电源断"", ""location"": ""SubNetwork=1004,ManagedElement=1413533,Equipment=1,ReplaceableUnit=64"", ""reason"": ""外部掉电""}]}"
0052146f-c00c-4786-8d58-c2db3ec6baa0,"{""rootcause"": [{""@rid"": ""#-1:2ef23c93-34a2-40a2-89b4-90e8e4844fc6"", ""title"": ""单板处于初始化状态"", ""location"": ""SubNetwork=5304,ManagedElement=802170,Equipment=1,Rack=1,SubRack=1,Slot=10,PlugInUnit=1,SdrDeviceGroup=1"", ""reason"": ""1. 用户执行复位单板命令。\n2. 单板上电自启动。\n3. 软件异常导致单板自动复位。""}, {""@rid"": ""#-1:4ca39af0-1573-4ce4-8a37-ea354c733cd9"", ""title"": ""单板不在位"", ""location"": ""SubNetwork=5304,ManagedElement=802170,Equipment=1,Rack=1,SubRack=1,Slot=10,PlugInUnit=1,SdrDeviceGroup=1"", ""reason"": ""1. OMC有配置的槽位，但实际没有插单板。\n2. OMC有配置的槽位，但单板没有插紧。\n3. OMC有配置的槽位，但接插件物理损坏。""}]}"
00c65d88-71c7-4efd-838e-6e46d74c1948,"{""rootcause"": [{""@rid"": ""#-1:9b0bd177-c23d-4426-8213-668c8e77c6d3"", ""title"": ""射频单元CPRI接口异常告警"", ""location"": ""柜号:0; 框号:200; 槽号:0; 端口号:端口0; 端口号:0; 类型:AIRU; :链路故障"", ""reason"": ""566""}, {""@rid"": ""#-1:7c5dfa85-b30e-402b-8d0c-f94b3c447ee7"", ""title"": ""NR分布单元小区TRP不可用告警"", ""location"": ""gNodeB名称:BBUO1-H5H-D59002493871PT; NR DUTRP:22; 故障柜号:0; 故障框号:200; 故障槽号:0; 描述:NULL; :CPRI"", ""reason"": ""509""}]}"
01b0f97d-4713-4071-8ebd-2e03009fcb3a,"{""rootcause"": [{""@rid"": ""#-1:42843cac-db4f-46fd-9f0d-21c399a452ed"", ""title"": ""单板硬件故障告警"", ""location"": ""柜号:0; 框号:0; 槽号:6; 类型:UMPT; :"", ""reason"": ""509""}]}"
01fd647b-a016-4988-b94c-561bd5a2500d,"{""rootcause"": [{""@rid"": ""#-1:a17e09ba-9823-4f7c-95c1-1714def10b6f"", ""title"": ""射频单元CPRI接口异常告警"", ""location"": ""柜号:0; 框号:200; 槽号:0; 端口号:端口0; 端口号:0; 类型:AIRU; :MAC"", ""reason"": ""566""}]}"
0245e338-a360-497f-9d65-72c73c70c742,"{""rootcause"": [{""@rid"": ""#-1:e1a0a19e-6f36-4f76-b479-15766a8e4de2"", ""title"": ""输入电源断"", ""location"": ""SubNetwork=5304,ManagedElement=2659210,Equipment=1,ReplaceableUnit=54"", ""reason"": ""外部掉电""}]}"
025d1580-5bd8-4964-b230-3668ce3a8575,"{""rootcause"": [{""@rid"": ""#-1:52b4fcd3-bebd-4ae8-838f-5ea4160144cd"", ""title"": ""输入电源断"", ""location"": ""SubNetwork=CMCC-GZ-03,ManagedElement=12655325,Equipment=1,ReplaceableUnit=54"", ""reason"": ""输入电源断""}, {""@rid"": ""#-1:7316fac8-cc22-45ff-b9ea-5ebb88338f2c"", ""title"": ""输入电源断"", ""location"": ""SubNetwork=CMCC-GZ-03,ManagedElement=12655325,Equipment=1,ReplaceableUnit=55"", ""reason"": ""输入电源断""}]}"
039f70ef-1906-4571-86e6-6caf1f41f459,"{""rootcause"": [{""@rid"": ""#-1:e13f93a4-c7f6-4dc7-872a-aac9858790ab"", ""title"": ""单板处于初始化状态"", ""location"": ""SubNetwork=5303,ManagedElement=802202,Equipment=1,Rack=1,SubRack=1,Slot=9,PlugInUnit=1,SdrDeviceGroup=1"", ""reason"": ""1. 用户执行复位单板命令。\n2. 单板上电自启动。\n3. 软件异常导致单板自动复位。""}, {""@rid"": ""#-1:d11b583b-3561-43bb-8229-b7964fd63fa2"", ""title"": ""初始化失败"", ""location"": ""SubNetwork=5303,ManagedElement=802202,Equipment=1,Rack=1,SubRack=1,Slot=9,PlugInUnit=1,SdrDeviceGroup=1"", ""reason"": ""1. 单板软件版本错误。\n2. 单板硬件故障。""}]}"
04c4c660-a42b-4c85-ac4f-34ffa598f7ab,"{""rootcause"": [{""@rid"": ""#-1:38107f33-4b6c-49d9-a391-b980935a3646"", ""title"": ""输入电源断"", ""location"": ""SubNetwork=1004,ManagedElement=1430049,Equipment=1,ReplaceableUnit=72"", ""reason"": ""输入电源断""}, {""@rid"": ""#-1:e51d6ccd-0f54-4fb9-8d04-e8e2533a1c61"", ""title"": ""输入电源断"", ""location"": ""SubNetwork=1004,ManagedElement=1430049,Equipment=1,ReplaceableUnit=73"", ""reason"": ""输入电源断""}, {""@rid"": ""#-1:1256a33e-d8af-4c54-ba32-6595cd7afc7b"", ""title"": ""输入电源断"", ""location"": ""SubNetwork=1004,ManagedElement=1430049,Equipment=1,ReplaceableUnit=71"", ""reason"": ""输入电源断""}]}"
050ba66b-e989-48e5-a059-a336a79e0dab,"{""rootcause"": [{""@rid"": ""#-1:806890e7-580c-47ab-85da-8d53fe933d77"", ""title"": ""BBU CPRI接口异常告警"", ""location"": ""柜号:0; 框号:0; 槽号:0; 端口号:1; 端口号:0; 类型:UBBP; :"", ""reason"": ""567""}, {""@rid"": ""#-1:0615159b-a7f7-464f-a048-b0a80e94c736"", ""title"": ""BBU CPRI接口异常告警"", ""location"": ""柜号:0; 框号:0; 槽号:1; 端口号:1; 端口号:0; 类型:UBBP; :"", ""reason"": ""567""}, {""@rid"": ""#-1:94517006-f07c-421c-8f40-a4aaf8c63c5e"", ""title"": ""BBU CPRI接口异常告警"", ""location"": ""柜号:0; 框号:0; 槽号:1; 端口号:0; 端口号:0; 类型:UBBP; :"", ""reason"": ""567""}, {""@rid"": ""#-1:468300d3-ba53-4a45-acee-db648d539f2d"", ""title"": ""BBU CPRI接口异常告警"", ""location"": ""柜号:0; 框号:0; 槽号:0; 端口号:0; 端口号:0; 类型:UBBP; :"", ""reason"": ""567""}]}"
056a4a59-4bb1-40db-a644-9474b6a3ced9,"{""rootcause"": [{""@rid"": ""#-1:63d87c31-8348-4528-99bf-c53be1c061c7"", ""title"": ""GNSS星卡锁星不足告警"", ""location"": ""柜号:0; 框号:0; 槽号:7; 类型:UMPT; :"", ""reason"": ""506""}]}"
057ebcd1-2299-447c-9551-1b7cc3f4f78a,"{""rootcause"": [{""@rid"": ""#-1:b5e09783-700b-44ec-83db-dd8f53f84e9c"", ""title"": ""设备掉电"", ""location"": ""SubNetwork=1003,ManagedElement=78210,Equipment=1,Rack=51,SubRack=1,Slot=1,PlugInUnit=1,SdrDeviceGroup=1"", ""reason"": ""1. 市电异常。2. 外部供电设备故障。""}, {""@rid"": ""#-1:04b69fb0-eb00-4fe2-976f-b1aa0a42856e"", ""title"": ""设备掉电"", ""location"": ""SubNetwork=1003,ManagedElement=78210,Equipment=1,Rack=55,SubRack=1,Slot=1,PlugInUnit=1,SdrDeviceGroup=1"", ""reason"": ""1. 市电异常。2. 外部供电设备故障。""}]}"
05d2fb28-fd1f-40b6-ab88-97f6ffdb2a45,"{""rootcause"": [{""@rid"": ""#-1:f4c4ba71-bc07-49d7-887e-b29c1fb76ff3"", ""title"": ""射频单元CPRI接口异常告警"", ""location"": ""柜号:0; 框号:200; 槽号:0; 端口号:端口1; 端口号:NULL; 类型:MRRU; :"", ""reason"": ""566""}]}"
06990bf2-277f-4480-97bd-ffb12775c5ca,"{""rootcause"": [{""@rid"": ""#-1:d079d35e-ad36-434d-b062-b82d732be97b"", ""title"": ""BBU CPRI接口异常告警"", ""location"": ""柜号:0; 框号:0; 槽号:4; 端口号:0; 端口号:0; 类型:UBBP; :"", ""reason"": ""567""}]}"
06bbfbd3-fc92-42f3-b225-a93706a1a867,"{""rootcause"": [{""@rid"": ""#-1:825861be-9d39-4eae-9e72-b20faa2d33d0"", ""title"": ""设备掉电"", ""location"": ""SubNetwork=5301,ManagedElement=594567,Equipment=1,Rack=66,SubRack=1,Slot=1,PlugInUnit=1,SdrDeviceGroup=1"", ""reason"": ""1. 市电异常。\n2. 外部供电设备故障。""}]}"
06d346bc-1345-4825-9e01-546cc30ac6ba,"{""rootcause"": [{""@rid"": ""#-1:46d5ec38-fd3a-4c6c-b394-59472a7affe6"", ""title"": ""设备掉电"", ""location"": ""SubNetwork=6,ManagedElement=342182,Equipment=1,Rack=51,SubRack=1,Slot=1,PlugInUnit=1,SdrDeviceGroup=1"", ""reason"": ""1. 市电异常。\n2. 外部供电设备故障。""}, {""@rid"": ""#-1:7ad28bc9-7e6f-4ddc-98c3-1304c262b24e"", ""title"": ""设备掉电"", ""location"": ""SubNetwork=6,ManagedElement=342182,Equipment=1,Rack=52,SubRack=1,Slot=1,PlugInUnit=1,SdrDeviceGroup=1"", ""reason"": ""1. 市电异常。\n2. 外部供电设备故障。""}, {""@rid"": ""#-1:2f9252eb-2d75-4800-b01c-71a57ad42e57"", ""title"": ""设备掉电"", ""location"": ""SubNetwork=6,ManagedElement=342182,Equipment=1,Rack=53,SubRack=1,Slot=1,PlugInUnit=1,SdrDeviceGroup=1"", ""reason"": ""1. 市电异常。\n2. 外部供电设备故障。""}, {""@rid"": ""#-1:e1316373-ce8a-45d4-84de-a565255d5edd"", ""title"": ""设备掉电"", ""location"": ""SubNetwork=6,ManagedElement=342182,Equipment=1,Rack=58,SubRack=1,Slot=1,PlugInUnit=1,SdrDeviceGroup=1"", ""reason"": ""1. 市电异常。\n2. 外部供电设备故障。""}, {""@rid"": ""#-1:1aca2c7f-82e7-4d50-a9de-fbc6578ca77e"", ""title"": ""设备掉电"", ""location"": ""SubNetwork=6,ManagedElement=342182,Equipment=1,Rack=65,SubRack=1,Slot=1,PlugInUnit=1,SdrDeviceGroup=1"", ""reason"": ""1. 市电异常。\n2. 外部供电设备故障。""}, {""@rid"": ""#-1:0415ee57-b55d-456f-92d8-e1b259bd40ec"", ""title"": ""设备掉电"", ""location"": ""SubNetwork=6,ManagedElement=342182,Equipment=1,Rack=54,SubRack=1,Slot=1,PlugInUnit=1,SdrDeviceGroup=1"", ""reason"": ""1. 市电异常。\n2. 外部供电设备故障。""}, {""@rid"": ""#-1:3005e057-e449-4a72-8269-c9b7d32dfaa7"", ""title"": ""设备掉电"", ""location"": ""SubNetwork=6,ManagedElement=342182,Equipment=1,Rack=64,SubRack=1,Slot=1,PlugInUnit=1,SdrDeviceGroup=1"", ""reason"": ""1. 市电异常。\n2. 外部供电设备故障。""}, {""@rid"": ""#-1:1ae334d7-8285-4ed0-a2eb-d5f84869373f"", ""title"": ""设备掉电"", ""location"": ""SubNetwork=6,ManagedElement=342182,Equipment=1,Rack=57,SubRack=1,Slot=1,PlugInUnit=1,SdrDeviceGroup=1"", ""reason"": ""1. 市电异常。\n2. 外部供电设备故障。""}]}"
06d84a90-670f-4ccb-b482-9afdb874d164,"{""rootcause"": [{""@rid"": ""#-1:d1c9980d-85c4-40db-9036-f831f95a0aa7"", ""title"": ""网元连接中断"", ""location"": ""网元名称:HL-D3900471292PT; 网元IP地址:100.92.49.194; 网元IP地址(IP Mode):NULL; 端口:6007; 错误:N/A; 信息:状态异常; 分:MediationService0805; OMC IP:10.154.18.16"", ""reason"": ""718""}, {""@rid"": ""#-1:381d95e7-495f-4e4f-9572-9b4ec441fe24"", ""title"": ""网元连接中断"", ""location"": ""网元名称:CBN-D59002549663PT-H5H; 网元IP地址:10.250.236.49; 网元IP地址(IP Mode):NULL; 端口:6007; 错误:N/A; 信息:状态异常; 分:MediationService0805; OMC IP:10.229.166.142"", ""reason"": ""718""}, {""@rid"": ""#-1:7546c1b4-41c2-4d6c-9466-c6766f460056"", ""title"": ""[衍生告警]PTN光缆中断，单报LOS"", ""location"": ""R1EXG[0-1-3]-10GE\\:1"", ""reason"": ""以太网物理接口(ETPI) 信号丢失(LOS)""}]}"
06da0faf-ed4d-4329-af78-57eb6c2a9849,"{""rootcause"": [{""@rid"": ""#-1:e9e7d2db-5df0-4ce9-878b-9e02d3f082ec"", ""title"": ""射频单元CPRI接口异常告警"", ""location"": ""柜号:0; 框号:230; 槽号:0; 端口号:端口0; 端口号:NULL; 类型:MRRU; :CPRI接口异常"", ""reason"": ""566""}]}"
07ae65ec-c048-4b05-9fd5-114fee44f62e,"{""rootcause"": [{""@rid"": ""#-1:5421ff80-5324-4541-83f6-7248fb337e3e"", ""title"": ""设备掉电"", ""location"": ""SubNetwork=8,ManagedElement=174612,Equipment=1,Rack=52,SubRack=1,Slot=1,PlugInUnit=1,SdrDeviceGroup=1"", ""reason"": ""1. 市电异常。\n2. 外部供电设备故障。""}]}"
07c300f7-bf9e-46bc-88de-ce7ad5276010,"{""rootcause"": [{""@rid"": ""#-1:3bee312a-b6c2-4167-9b09-34c1ce165c90"", ""title"": ""射频单元CPRI接口异常告警"", ""location"": ""柜号:0; 框号:225; 槽号:0; 端口号:端口0; 端口号:NULL; 类型:MRRU; :"", ""reason"": ""566""}]}"
08cc24a7-d384-4d87-89a0-c7306e84afd3,"{""rootcause"": [{""@rid"": ""#-1:73ac9034-f934-4a37-9a28-11215633a7bc"", ""title"": ""射频单元驻波告警"", ""location"": ""柜号:0; 框号:91; 槽号:0; :3; 类型:MRRU; 告警(0.1):15; (0.1):15; 输出(0.1dBm):379; 端口:NULL"", ""reason"": ""516""}, {""@rid"": ""#-1:4537bc6c-3df9-4e83-8995-5a6e8149fd61"", ""title"": ""射频单元驻波告警"", ""location"": ""柜号:0; 框号:91; 槽号:0; :3; 类型:MRRU; 告警(0.1):15; (0.1):15; 输出(0.1dBm):374; 端口:NULL"", ""reason"": ""516""}]}"
094c8124-cb2a-4792-9a50-f780b53adf22,"{""rootcause"": [{""@rid"": ""#-1:d93ca015-3d3e-42c4-a18f-25cb409d145f"", ""title"": ""BBU CPRI接口异常告警"", ""location"": ""柜号:0; 框号:0; 槽号:0; 端口号:3; 端口号:0; 类型:UBBP; :"", ""reason"": ""567""}]}"
09bfca5b-75c1-42c2-b5fd-5d6d7822d71e,"{""rootcause"": [{""@rid"": ""#-1:c42cf84a-8826-4214-b51d-3c827c30bbe2"", ""title"": ""BBU IR接口异常告警"", ""location"": ""柜号:0; 框号:0; 槽号:1; 端口号:0; 端口号:0; 类型:LBBP; :"", ""reason"": ""567""}]}"
0a884a84-bd68-4390-906e-67cbbfe80c74,"{""rootcause"": [{""@rid"": ""#-1:c1771040-2e04-45f5-b555-2b5e207e03de"", ""title"": ""光口链路故障"", ""location"": ""SubNetwork=1004,ManagedElement=1404726,Equipment=1,ReplaceableUnit=VBP_1_3,RiPort=OF2"", ""reason"": ""光口链路故障""}]}"
0b1e32c4-9318-4782-8cdc-dc8824f76b98,"{""rootcause"": [{""@rid"": ""#-1:765a0753-d3d0-42f1-b3dd-401665c0b104"", ""title"": ""RRU链路断"", ""location"": ""SubNetwork=CMCC-GZ-03,ManagedElement=12655186,Equipment=1,ReplaceableUnit=51"", ""reason"": ""RRU链路断""}]}"
0c1958be-8ece-4821-81a8-809c9fb5f986,"{""rootcause"": [{""@rid"": ""#-1:f0042f83-c7d7-4556-9a2f-9821ef964460"", ""title"": ""RRU链路断"", ""location"": ""SubNetwork=1004,ManagedElement=1394817,Equipment=1,ReplaceableUnit=65"", ""reason"": ""RRU链路断""}]}"
0c75a58b-670c-44fb-a7da-ec1c8817a465,"{""rootcause"": [{""@rid"": ""#-1:11f1db77-c33f-4009-9844-21a0e7680ff8"", ""title"": ""射频单元业务不可用告警"", ""location"": ""eNodeB名称:5-HFM; 本地:187; :FDD; 柜号:0; 框号:150; 槽号:0; NB-IoT:FALSE; eNodeB分:NULL; 名称:5-HFM-FD-187; eNodeB:500491; :187; :电源异常"", ""reason"": ""509""}, {""@rid"": ""#-1:d31c3ccd-04d4-44c4-a65c-b5be67e8ac39"", ""title"": ""射频单元业务不可用告警"", ""location"": ""eNodeB名称:5-HFM; 本地:188; :FDD; 柜号:0; 框号:155; 槽号:0; NB-IoT:FALSE; eNodeB分:NULL; 名称:5-HFM-FD-188; eNodeB:500491; :188; :电源异常"", ""reason"": ""509""}, {""@rid"": ""#-1:5bff16ec-2c86-428d-adee-991f1446656d"", ""title"": ""射频单元业务不可用告警"", ""location"": ""eNodeB名称:5-HFM; 本地:187; :FDD; 柜号:0; 框号:156; 槽号:0; NB-IoT:FALSE; eNodeB分:NULL; 名称:5-HFM-FD-187; eNodeB:500491; :187; :电源异常"", ""reason"": ""509""}]}"
0e755fc0-8819-4420-b701-1f84ec0e59de,"{""rootcause"": [{""@rid"": ""#-1:da579a04-4b4a-4e5f-88e7-8f434b4622e7"", ""title"": ""小区不可用告警"", ""location"": ""eNodeB名称:HLF; 本地:209; :TDD; NB-IoT:FALSE; 名称:HLF-209; eNodeB:93042; :209; :异常"", ""reason"": ""509""}]}"
0eacbb73-5845-409a-a1f0-ccd89a466965,"{""rootcause"": [{""@rid"": ""#-1:164869cd-0884-4714-8536-da48db4d9271"", ""title"": ""BBU CPRI接口异常告警"", ""location"": ""柜号:0; 框号:0; 槽号:0; 端口号:0; 端口号:0; 类型:UBBP; :"", ""reason"": ""567""}]}"
0f2a154d-6f4a-4b05-b9a8-6502b110d3af,"{""rootcause"": [{""@rid"": ""#-1:f500e343-9349-4c47-9142-0836052c85e3"", ""title"": ""以太网物理接口(ETPI) 信号丢失(LOS)"", ""location"": ""R4EGC[0-1-1]-GE\\:3(LTE)"", ""reason"": ""以太网物理接口(ETPI) 信号丢失(LOS)""}]}"
0ff09b29-0ded-465a-a684-9d78f7e9e2cd,"{""rootcause"": [{""@rid"": ""#-1:c75008ae-109f-44a8-ab89-2ba08651c01f"", ""title"": ""射频单元驻波告警"", ""location"": ""柜号:0; 框号:231; 槽号:0; :0; 类型:MRRU; 告警(0.1):18; (0.1):18; 输出(0.1dBm):302; 端口:NULL"", ""reason"": ""516""}]}"
10070d01-21f7-4af3-bc0a-acd406e1f024,"{""rootcause"": [{""@rid"": ""#-1:2ba469b7-965a-4a29-94eb-41e376c3609a"", ""title"": ""设备掉电"", ""location"": ""SubNetwork=5309,ManagedElement=594580,Equipment=1,Rack=56,SubRack=1,Slot=1,PlugInUnit=1,SdrDeviceGroup=1"", ""reason"": ""1. 市电异常。\n2. 外部供电设备故障。""}, {""@rid"": ""#-1:84ad9c6c-7740-47e8-aa34-5454bb306302"", ""title"": ""设备掉电"", ""location"": ""SubNetwork=5309,ManagedElement=594580,Equipment=1,Rack=59,SubRack=1,Slot=1,PlugInUnit=1,SdrDeviceGroup=1"", ""reason"": ""1. 市电异常。\n2. 外部供电设备故障。""}, {""@rid"": ""#-1:41caeb3e-255d-43a7-9c65-66831971db7c"", ""title"": ""设备掉电"", ""location"": ""SubNetwork=5309,ManagedElement=594580,Equipment=1,Rack=53,SubRack=1,Slot=1,PlugInUnit=1,SdrDeviceGroup=1"", ""reason"": ""1. 市电异常。\n2. 外部供电设备故障。""}]}"
10735bd0-fc38-4d0b-a19e-99578d60ad51,"{""rootcause"": [{""@rid"": ""#-1:a3142a11-7c68-43ca-82c6-12170b90019a"", ""title"": ""设备掉电"", ""location"": ""SubNetwork=6,ManagedElement=337413,Equipment=1,Rack=54,SubRack=1,Slot=1,PlugInUnit=1,SdrDeviceGroup=1"", ""reason"": ""1. 市电异常。\n2. 外部供电设备故障。""}]}"
1117ad03-8891-4bf6-854c-612bf19fdae4,"{""rootcause"": [{""@rid"": ""#-1:21e8a85d-b692-481b-a9ae-fb979094dca3"", ""title"": ""小区关断告警"", ""location"": ""SubNetwork=CMCC-GZ-04,ManagedElement=12641069,ENBCUCPFunction=1,CULTE=1,CUEUtranCellTDDLTE=2"", ""reason"": ""小区被关断""}]}"
115289c3-04a6-4d58-b68f-beb114e49795,"{""rootcause"": [{""@rid"": ""#-1:91e8eaa8-bc2c-4648-ace4-a91803140976"", ""title"": ""时钟源之间的相位差过大"", ""location"": ""SubNetwork=5301,ManagedElement=180166,Equipment=1,Rack=1,SubRack=1,Slot=2,PlugInUnit=1,SdrDeviceGroup=1"", ""reason"": ""1. 时钟源受干扰。\n2. 时钟源引进设备的时延设置不当。""}]}"
128fe5fd-8273-44f5-ae20-b31d2e31f6bd,"{""rootcause"": [{""@rid"": ""#-1:a4784914-c354-49b2-ae14-621bba45b9a1"", ""title"": ""[衍生告警]PTN光缆中断，单报LOS"", ""location"": ""R1EXG[0-1-3]-10GE\\:1"", ""reason"": ""以太网物理接口(ETPI) 信号丢失(LOS)""}, {""@rid"": ""#-1:e3d99ef2-ddd1-4bed-8cc5-927257614ed7"", ""title"": ""[衍生告警]PTN光缆中断，单报LOS"", ""location"": ""OIXG1[0-1-6]-10GE\\:1"", ""reason"": ""以太网物理接口(ETPI) 信号丢失(LOS)""}]}"
12ea40ef-0905-4318-bb64-b6058e9229b3,"{""rootcause"": [{""@rid"": ""#-1:5d0f81a1-63dc-474d-8a1f-d44b6653d232"", ""title"": ""设备掉电"", ""location"": ""SubNetwork=5300,ManagedElement=595191,Equipment=1,Rack=54,SubRack=1,Slot=1,PlugInUnit=1,SdrDeviceGroup=1"", ""reason"": ""1. 市电异常。\n2. 外部供电设备故障。""}]}"
12fb9fb0-19b0-4b39-b037-f2e479fadb8a,"{""rootcause"": [{""@rid"": ""#-1:251f48e8-6196-43d0-8eff-fb6cb233a58f"", ""title"": ""BBU IR接口异常告警"", ""location"": ""柜号:0; 框号:0; 槽号:1; 端口号:1; 端口号:0; 类型:UBBP; :IR接口异常"", ""reason"": ""567""}]}"
138d35bb-8cc4-43c2-bd1b-60e657611f51,"{""rootcause"": [{""@rid"": ""#-1:408be540-4ddd-4b6d-9239-d50ecf9e6c9f"", ""title"": ""BBU CPRI接口异常告警"", ""location"": ""柜号:0; 框号:0; 槽号:0; 端口号:0; 端口号:0; 类型:UBBP; :"", ""reason"": ""567""}]}"
1439543f-d9f2-41bc-b617-92caddaf47be,"{""rootcause"": [{""@rid"": ""#-1:b2f7b96f-02cc-4c3a-9fe2-a7ff5d881bf3"", ""title"": ""射频单元IR接口异常告警"", ""location"": ""柜号:0; 框号:212; 槽号:0; 端口号:端口0; 类型:MRRU; :IR接口异常"", ""reason"": ""69""}]}"
14a00e87-f9cf-4ae1-81d7-bed3cb9b5869,"{""rootcause"": [{""@rid"": ""#-1:fa2f8cb5-8698-4f27-bac1-ea63903e94cb"", ""title"": ""BBU IR接口异常告警"", ""location"": ""柜号:0; 框号:0; 槽号:5; 端口号:1; 端口号:0; 类型:UBBP; :IR接口异常"", ""reason"": ""567""}]}"
14e049b3-5087-44ef-a527-55875e97a814,"{""rootcause"": [{""@rid"": ""#-1:c3f116a3-481d-4d76-b1b7-16fde42d6352"", ""title"": ""射频单元交流掉电告警"", ""location"": ""柜号:0; 框号:61; 槽号:0; 类型:MRRU"", ""reason"": ""551""}, {""@rid"": ""#-1:4f9efb22-78dd-403f-b3e2-8ac0eb0aefa9"", ""title"": ""射频单元交流掉电告警"", ""location"": ""柜号:0; 框号:60; 槽号:0; 类型:MRRU"", ""reason"": ""551""}]}"
1528130e-c8b9-4aa7-941f-caa8bd53f1c2,"{""rootcause"": [{""@rid"": ""#-1:aaa03f45-8ad1-4c79-9974-138e269fd740"", ""title"": ""射频单元驻波告警"", ""location"": ""柜号:0; 框号:231; 槽号:0; :1; 类型:MRRU; 告警(0.1):18; (0.1):19; 输出(0.1dBm):314; 端口:NULL"", ""reason"": ""516""}]}"
15eedb14-eb04-41b3-a6b1-83da219b9958,"{""rootcause"": [{""@rid"": ""#-1:bd5a44ec-a573-4571-b710-9e9d5786e8fe"", ""title"": ""射频单元业务不可用告警"", ""location"": ""eNodeB名称:1-HFM; 本地:194; :FDD; 柜号:0; 框号:156; 槽号:0; NB-IoT:FALSE; eNodeB分:NULL; 名称:1-HFM-FD-194; eNodeB:887487; :194; :电源异常"", ""reason"": ""509""}, {""@rid"": ""#-1:eaf7cd60-04c8-4cff-9172-b4008cf8ead0"", ""title"": ""射频单元业务不可用告警"", ""location"": ""eNodeB名称:1-HFM; 本地:194; :FDD; 柜号:0; 框号:157; 槽号:0; NB-IoT:FALSE; eNodeB分:NULL; 名称:1-HFM-FD-194; eNodeB:887487; :194; :电源异常"", ""reason"": ""509""}, {""@rid"": ""#-1:36efd879-e13d-4db1-a285-63b76556343e"", ""title"": ""射频单元业务不可用告警"", ""location"": ""eNodeB名称:1-HFM; 本地:194; :FDD; 柜号:0; 框号:150; 槽号:0; NB-IoT:FALSE; eNodeB分:NULL; 名称:1-HFM-FD-194; eNodeB:887487; :194; :电源异常"", ""reason"": ""509""}]}"
1600d318-ecdc-4d10-816f-9f2c6987eb9f,"{""rootcause"": [{""@rid"": ""#-1:d5539f4f-bab1-4b71-b449-c68344b24a3b"", ""title"": ""设备掉电"", ""location"": ""SubNetwork=1003,ManagedElement=70955,Equipment=1,Rack=64,SubRack=1,Slot=1,PlugInUnit=1,SdrDeviceGroup=1"", ""reason"": ""1. 市电异常。\n2. 外部供电设备故障。""}, {""@rid"": ""#-1:bc774a67-51fc-4c30-8eb8-1dd39cd33cf6"", ""title"": ""RRU链路断"", ""location"": ""SubNetwork=1003,ManagedElement=70955,Equipment=1,Rack=63,SubRack=1,Slot=1,PlugInUnit=1,SdrDeviceGroup=1"", ""reason"": ""1. BBU和RRU之间或者上下级RRU之间的光纤故障。\n2. RRU光模块或上联的BBU光模块故障。\n3. RRU未供电。\n4. BBU接口单板故障。\n5. RRU故障。\n6. lr端口线速率配置错误。\n7. 单板硬件自检。""}]}"
174f4daa-f147-47c4-988c-b4e4cedfb47b,"{""rootcause"": [{""@rid"": ""#-1:a2bf1aeb-c841-4c7f-ac0f-01ffcecdd264"", ""title"": ""输入电源断"", ""location"": ""SubNetwork=1004,ManagedElement=1002448,Equipment=1,ReplaceableUnit=A_2"", ""reason"": ""外部掉电""}, {""@rid"": ""#-1:346f5624-a895-4395-a54e-2b72a6e921c0"", ""title"": ""输入电源断"", ""location"": ""SubNetwork=1004,ManagedElement=1002448,Equipment=1,ReplaceableUnit=A_1"", ""reason"": ""外部掉电""}, {""@rid"": ""#-1:863a622a-e59e-4dcb-890b-1f649ee21ddf"", ""title"": ""输入电源断"", ""location"": ""SubNetwork=1004,ManagedElement=1002448,Equipment=1,ReplaceableUnit=A_3"", ""reason"": ""外部掉电""}]}"
1790ee3c-52a1-4288-87bd-2ef708a2dddd,"{""rootcause"": [{""@rid"": ""#-1:8abbf8fd-01e6-4525-899b-df6e0177940c"", ""title"": ""射频单元交流掉电告警"", ""location"": ""柜号:0; 框号:150; 槽号:0; 类型:AIRU"", ""reason"": ""551""}]}"
187583c2-1a80-4597-b5e9-9f53ad02e5af,"{""rootcause"": [{""@rid"": ""#-1:8151d77f-b0fa-4563-8fc6-ba740fb9ddf2"", ""title"": ""网元连接中断"", ""location"": ""网元名称:东时区1-H5W; 网元IP地址:10.179.117.186; 网元IP地址(IP Mode):NULL; 端口:6007; 错误:N/A; 信息:端口时; 分:MediationService5609; OMC IP:10.224.27.34"", ""reason"": ""718""}]}"
18b8fdca-8812-4ec1-96ff-f7a7fe2fe82f,"{""rootcause"": [{""@rid"": ""#-1:3c7a51d9-28bb-4c59-896b-6b8aadde18ea"", ""title"": ""输入电源断"", ""location"": ""SubNetwork=CMCC-GZ-01,ManagedElement=12779893,Equipment=1,ReplaceableUnit=53"", ""reason"": ""外部掉电""}, {""@rid"": ""#-1:25adf7d1-2513-4411-8393-7b46248019c0"", ""title"": ""输入电源断"", ""location"": ""SubNetwork=CMCC-GZ-01,ManagedElement=12779893,Equipment=1,ReplaceableUnit=54"", ""reason"": ""外部掉电""}]}"
1960b2e7-a699-45cb-aacf-df0a7c585c76,"{""rootcause"": [{""@rid"": ""#-1:d968603c-4c84-41be-89a7-a381578a7aa2"", ""title"": ""设备掉电"", ""location"": ""SubNetwork=1003,ManagedElement=88976,Equipment=1,Rack=56,SubRack=1,Slot=1,PlugInUnit=1,SdrDeviceGroup=1"", ""reason"": ""1. 市电异常。\n2. 外部供电设备故障。""}, {""@rid"": ""#-1:df79d56a-7a12-4311-b236-cc8d60ffbd93"", ""title"": ""设备掉电"", ""location"": ""SubNetwork=1003,ManagedElement=88976,Equipment=1,Rack=54,SubRack=1,Slot=1,PlugInUnit=1,SdrDeviceGroup=1"", ""reason"": ""1. 市电异常。\n2. 外部供电设备故障。""}, {""@rid"": ""#-1:e294b2c8-dedd-4937-b433-2ded6e2c96f4"", ""title"": ""设备掉电"", ""location"": ""SubNetwork=1003,ManagedElement=88976,Equipment=1,Rack=55,SubRack=1,Slot=1,PlugInUnit=1,SdrDeviceGroup=1"", ""reason"": ""1. 市电异常。\n2. 外部供电设备故障。""}]}"
19a6aa1d-c189-4a3f-b216-b40c92ca0eb2,"{""rootcause"": [{""@rid"": ""#-1:4f4ec5c6-e72c-4e88-b054-0d58489b603d"", ""title"": ""RRU链路断"", ""location"": ""SubNetwork=CMCC-GZ-03,ManagedElement=12721241,Equipment=1,ReplaceableUnit=52"", ""reason"": ""RRU链路断""}]}"
1a4ba4ff-43b6-4b02-aef4-85b5a646b8cd,"{""rootcause"": [{""@rid"": ""#-1:8456ecc5-19b9-41c2-952a-ee12d3d2787f"", ""title"": ""光口链路故障"", ""location"": ""SubNetwork=1004,ManagedElement=1393289,Equipment=1,ReplaceableUnit=VBP_1_3,RiPort=OF3"", ""reason"": ""光口链路故障""}, {""@rid"": ""#-1:bb8b3609-e0cd-4ecf-b0cd-496005cf1d1d"", ""title"": ""光口链路故障"", ""location"": ""SubNetwork=1004,ManagedElement=1393289,Equipment=1,ReplaceableUnit=VBP_1_3,RiPort=OF2"", ""reason"": ""光口链路故障""}, {""@rid"": ""#-1:2e3571cc-3116-449d-b2d0-a21553f55c61"", ""title"": ""光口链路故障"", ""location"": ""SubNetwork=1004,ManagedElement=1393289,Equipment=1,ReplaceableUnit=VBP_1_3,RiPort=OF1"", ""reason"": ""光口链路故障""}]}"
1adac637-9ad3-4c52-921b-9205a7abe5c7,"{""rootcause"": [{""@rid"": ""#-1:5a019c4d-aee6-4176-b23c-2f7f3a2b8ad2"", ""title"": ""输入电源断"", ""location"": ""SubNetwork=5305,ManagedElement=2646152,Equipment=1,ReplaceableUnit=51"", ""reason"": ""外部掉电""}, {""@rid"": ""#-1:cee25888-11ce-483d-af29-780350124399"", ""title"": ""设备掉电"", ""location"": ""SubNetwork=5309,ManagedElement=595187,Equipment=1,Rack=51,SubRack=1,Slot=1,PlugInUnit=1,SdrDeviceGroup=1"", ""reason"": ""1. 市电异常。\n2. 外部供电设备故障。""}]}"
1c639bb1-30d7-4eda-ae2e-43f3e5e5c59d,"{""rootcause"": [{""@rid"": ""#-1:9b260980-291b-4e94-bff3-faf183437521"", ""title"": ""输入电源断"", ""location"": ""SubNetwork=5301,ManagedElement=2621605,Equipment=1,ReplaceableUnit=51"", ""reason"": ""外部掉电""}, {""@rid"": ""#-1:ab84855f-d336-48ea-bc5a-1808ab03aa95"", ""title"": ""输入电源断"", ""location"": ""SubNetwork=5301,ManagedElement=2621605,Equipment=1,ReplaceableUnit=53"", ""reason"": ""外部掉电""}]}"
1ca4b359-d361-45b7-bdd7-1c16dde676c7,"{""rootcause"": [{""@rid"": ""#-1:0ac3a587-dd7e-4da4-b2cb-dfc6f95eec7b"", ""title"": ""输入电源断"", ""location"": ""SubNetwork=5303,ManagedElement=2561758,Equipment=1,ReplaceableUnit=52"", ""reason"": ""外部掉电""}, {""@rid"": ""#-1:89c2f68a-c27e-43a3-98ee-99441412f5e5"", ""title"": ""输入电源断"", ""location"": ""SubNetwork=5303,ManagedElement=2561758,Equipment=1,ReplaceableUnit=51"", ""reason"": ""外部掉电""}, {""@rid"": ""#-1:8fcdde50-2dbe-4f3e-a7d1-0e38d2a6f449"", ""title"": ""输入电源断"", ""location"": ""SubNetwork=5303,ManagedElement=2561758,Equipment=1,ReplaceableUnit=53"", ""reason"": ""外部掉电""}, {""@rid"": ""#-1:f9810be8-7974-4f00-be84-d806529305e7"", ""title"": ""设备掉电"", ""location"": ""SubNetwork=5309,ManagedElement=177763,Equipment=1,Rack=53,SubRack=1,Slot=1,PlugInUnit=1,SdrDeviceGroup=1"", ""reason"": ""1. 市电异常。\n2. 外部供电设备故障。""}, {""@rid"": ""#-1:84e80639-25ca-47f4-8ebc-f3c16806dd27"", ""title"": ""设备掉电"", ""location"": ""SubNetwork=5309,ManagedElement=177763,Equipment=1,Rack=51,SubRack=1,Slot=1,PlugInUnit=1,SdrDeviceGroup=1"", ""reason"": ""1. 市电异常。\n2. 外部供电设备故障。""}]}"
1cb65294-7174-4545-b55c-1fb72792e0c6,"{""rootcause"": [{""@rid"": ""#-1:5219563c-7f4d-49f8-a54c-266ee8c63383"", ""title"": ""射频单元维护链路异常告警"", ""location"": ""柜号:0; 框号:111; 槽号:0; 类型:MRRU; :"", ""reason"": ""567""}]}"
1cc2844c-8c88-4f44-a2e0-79ce53bd1a31,"{""rootcause"": [{""@rid"": ""#-1:d8044763-9f35-46ae-a56f-6a8e27978539"", ""title"": ""[衍生告警]PTN光缆中断，单报LOS"", ""location"": ""OIXG1[0-1-5]-10GE\\:1"", ""reason"": ""以太网物理接口(ETPI) 信号丢失(LOS)""}, {""@rid"": ""#-1:4df6dc4a-7049-470f-a911-482c2c9de04d"", ""title"": ""[衍生告警]PTN光缆中断，单报LOS"", ""location"": ""R1EXG[0-1-3]-10GE\\:1"", ""reason"": ""以太网物理接口(ETPI) 信号丢失(LOS)""}]}"
1e3a833e-b144-4e18-b3b7-87a0a2580c10,"{""rootcause"": [{""@rid"": ""#-1:8092035b-964c-4be5-85ec-8a0680a5f2f2"", ""title"": ""射频单元直流掉电告警"", ""location"": ""柜号:0; 框号:112; 槽号:0; 类型:MRRU"", ""reason"": ""551""}, {""@rid"": ""#-1:0e28fb9c-0305-4b88-9c16-6b2287ad438a"", ""title"": ""射频单元直流掉电告警"", ""location"": ""柜号:0; 框号:111; 槽号:0; 类型:MRRU"", ""reason"": ""551""}, {""@rid"": ""#-1:ff6c6fd1-5eea-4576-92e4-6127255fa996"", ""title"": ""射频单元直流掉电告警"", ""location"": ""柜号:0; 框号:113; 槽号:0; 类型:MRRU"", ""reason"": ""551""}]}"
1f1db01f-b250-4b70-bda1-1803efa1d33a,"{""rootcause"": [{""@rid"": ""#-1:3ab4ab24-94ed-4877-b6a4-8aa50a53ed57"", ""title"": ""射频单元交流掉电告警"", ""location"": ""柜号:0; 框号:205; 槽号:0; 类型:MRRU"", ""reason"": ""551""}]}"
1f7b78e2-b359-4368-8a94-c79bb248bac4,"{""rootcause"": [{""@rid"": ""#-1:ccc01f21-35f4-4e9e-bc66-97531a0073c9"", ""title"": ""BBU CPRI接口异常告警"", ""location"": ""柜号:0; 框号:0; 槽号:2; 端口号:0; 端口号:0; 类型:UBBP; :CPRI接口异常"", ""reason"": ""567""}]}"
1fc35381-673c-418b-8f9c-5cb582f5f9a7,"{""rootcause"": [{""@rid"": ""#-1:85d2350a-4492-4f72-8e9d-8862ebd35a2d"", ""title"": ""RRU功率检测异常"", ""location"": ""sbn=7310,NodeMe=473748,Equipment=1,rack=57,shelf=1,board=1"", ""reason"": ""1. RRU通道硬件故障。\n2. RRU版本问题。\n3. 光纤链路问题。\n4. BBU硬件异常或者版本问题。""}]}"
200c5061-224f-41e8-9a1f-f911f7737c33,"{""rootcause"": [{""@rid"": ""#-1:f493a848-93b5-4fa1-ae61-0b065cf99549"", ""title"": ""射频单元驻波告警"", ""location"": ""柜号:0; 框号:205; 槽号:0; :1; 类型:MRRU; 告警(0.1):20; (0.1):20; 输出(0.1dBm):307; 端口:NULL"", ""reason"": ""516""}]}"
208ddd4e-dc0a-44d5-afee-05904bc5d932,"{""rootcause"": [{""@rid"": ""#-1:04385c26-d365-44af-824b-d0655c1f1da6"", ""title"": ""单板硬件故障告警"", ""location"": ""柜号:0; 框号:0; 槽号:19; 类型:UPEU; :"", ""reason"": ""509""}]}"
216cda18-55ee-4961-93d0-7224590928c9,"{""rootcause"": [{""@rid"": ""#-1:4730ca4b-fd9d-4e42-8126-04a57eda34d9"", ""title"": ""射频单元交流掉电告警"", ""location"": ""柜号:0; 框号:205; 槽号:0; 类型:MRRU"", ""reason"": ""551""}]}"
21f2d94c-67e7-42bf-b2fa-e024f1af1bfe,"{""rootcause"": [{""@rid"": ""#-1:a30ee288-a337-4f66-9ad6-fb29ffbdb605"", ""title"": ""射频单元驻波告警"", ""location"": ""柜号:0; 框号:72; 槽号:0; :0; 类型:MRRU; 告警(0.1):20; (0.1):20; 输出(0.1dBm):392; 端口:NULL"", ""reason"": ""516""}]}"
23e33950-1b31-4b36-8cec-ed225f0e53d9,"{""rootcause"": [{""@rid"": ""#-1:a7ee87c2-b274-4587-abf5-3d4b53c73ded"", ""title"": ""射频单元直流掉电告警"", ""location"": ""柜号:0; 框号:91; 槽号:0; 类型:MRRU"", ""reason"": ""551""}]}"
24ca72c7-4470-4656-8c43-1141c0a68da6,"{""rootcause"": [{""@rid"": ""#-1:7704cb1b-b7d9-4f4b-8a6b-3aee4206c65a"", ""title"": ""[衍生告警]设备商甲5G小区退服"", ""location"": "":东;\n名称:;\n告警:[告警]5G;\n告警:；2\n告警时间:2025-12-21 08:52:05;"", ""reason"": ""RRU资源准备中或光口通信异常""}]}"
25a37559-7249-4fe0-bfd9-97007b9f7c5d,"{""rootcause"": [{""@rid"": ""#-1:622a2277-8e4d-4b77-aefb-1f90747752a2"", ""title"": ""NR分布单元小区TRP不可用告警"", ""location"": ""gNodeB名称:5G西东1H; NR DUTRP:202; 故障柜号:0; 故障框号:175; 故障槽号:0; 描述:NULL; :异常"", ""reason"": ""509""}, {""@rid"": ""#-1:08c72d0d-bea2-430a-b3ae-84deb00b3a99"", ""title"": ""射频单元时钟异常告警"", ""location"": ""柜号:0; 框号:175; 槽号:0; 类型:AIRU"", ""reason"": ""509""}]}"
26b3445a-951d-4554-b5d7-06bef6367788,"{""rootcause"": [{""@rid"": ""#-1:76a7bcb2-6aa8-4c90-9bfc-8da7e003dead"", ""title"": ""天馈驻波比异常"", ""location"": ""SubNetwork=5305,ManagedElement=2622428,Equipment=1,ReplaceableUnit=52,RfPort=ANT2"", ""reason"": ""天馈驻波比异常""}]}"
26c34dd5-4990-495d-a794-2f184621edc3,"{""rootcause"": [{""@rid"": ""#-1:76e1a2ce-4142-43ca-a8f4-8d1f10b8c9c0"", ""title"": ""射频单元CPRI接口异常告警"", ""location"": ""柜号:0; 框号:62; 槽号:0; 端口号:端口0; 端口号:NULL; 类型:EPRRU; :CPRI接口异常"", ""reason"": ""566""}]}"
27dc03b5-42ba-4612-a93b-a30e9fa11add,"{""rootcause"": [{""@rid"": ""#-1:f18c7b6e-a0fa-45e3-8024-0f927934f902"", ""title"": ""BBU CPRI接口异常告警"", ""location"": ""柜号:0; 框号:0; 槽号:2; 端口号:0; 端口号:0; 类型:UBBP; :"", ""reason"": ""567""}, {""@rid"": ""#-1:7fa61281-9b14-493c-95c3-a0f12f9b8c23"", ""title"": ""BBU CPRI接口异常告警"", ""location"": ""柜号:0; 框号:0; 槽号:2; 端口号:1; 端口号:0; 类型:UBBP; :"", ""reason"": ""567""}]}"
289a95fd-eb9e-43ca-9744-c7750a2dbb0f,"{""rootcause"": [{""@rid"": ""#-1:4d742167-ab8d-4654-98d7-ba5a44ec8e45"", ""title"": ""天馈驻波比异常"", ""location"": ""SubNetwork=5303,ManagedElement=373882,Equipment=1,Rack=63,SubRack=1,Slot=1,PlugInUnit=1,SdrDeviceGroup=1"", ""reason"": ""1. 天馈线缆接头制作不合格、未拧紧、进水或存在金属碎屑等异物。\n2. 天馈线缆存在挤压、弯折，或馈缆损坏。\n3. 射频单元硬件故障。\n4. 天线对着障碍物。\n5. 驻波比告警门限过低。""}]}"
28b90da8-e634-4666-8e89-10d1f5c74846,"{""rootcause"": [{""@rid"": ""#-1:ce4a7fa4-8018-413a-b3f9-1d889732be3f"", ""title"": ""设备掉电"", ""location"": ""SubNetwork=5309,ManagedElement=295404,Equipment=1,Rack=57,SubRack=1,Slot=1,PlugInUnit=1,SdrDeviceGroup=1"", ""reason"": ""1. 市电异常。\n2. 外部供电设备故障。""}, {""@rid"": ""#-1:28289fe0-1167-46f9-b834-90490b58eb7e"", ""title"": ""光口接收链路故障"", ""location"": ""SubNetwork=5309,ManagedElement=295404,Equipment=1,Rack=1,SubRack=1,Slot=10,PlugInUnit=1,SdrDeviceGroup=1,FiberDeviceSet=1,FiberDevice=2"", ""reason"": ""1. 光纤/电缆损坏；\n2. 光纤/电缆端面污染；\n3. 本端或对端光/电模块或光纤/电缆没插好；\n4. 对端设备的光/电模块损坏；\n5. 光纤实际长度大于光模块支持的长度；\n6. 本端、对端的光模块速率不匹配；\n7. 对端设备工作异常。""}, {""@rid"": ""#-1:1fb4d9ee-7577-4057-a79d-227c8b333517"", ""title"": ""设备掉电"", ""location"": ""SubNetwork=5309,ManagedElement=295404,Equipment=1,Rack=58,SubRack=1,Slot=1,PlugInUnit=1,SdrDeviceGroup=1"", ""reason"": ""1. 市电异常。\n2. 外部供电设备故障。""}]}"
29093e58-a376-4488-b02c-96e97490d066,"{""rootcause"": [{""@rid"": ""#-1:96cd5799-c81b-430f-96f3-c6a9fc148ef3"", ""title"": ""RRU链路断"", ""location"": ""SubNetwork=5302,ManagedElement=374078,Equipment=1,Rack=55,SubRack=1,Slot=1,PlugInUnit=1,SdrDeviceGroup=1"", ""reason"": ""1. BBU和RRU之间或者上下级RRU之间的光纤故障。\n2. RRU光模块或上联的BBU光模块故障。\n3. RRU未供电。\n4. BBU接口单板故障。\n5. RRU故障。\n6. lr端口线速率配置错误。\n7. 单板硬件自检。""}]}"
29994a3b-91f3-45af-a95e-38c0f2ba7b5e,"{""rootcause"": [{""@rid"": ""#-1:3c151cfc-e16c-4a19-8799-566bb54544b0"", ""title"": ""射频单元时钟异常告警"", ""location"": ""柜号:0; 框号:91; 槽号:0; 类型:MRRU"", ""reason"": ""509""}]}"
29e6bb98-ef14-4333-920b-0cd42ff58a96,"{""rootcause"": [{""@rid"": ""#-1:90f1a830-aa4b-4eac-942d-e4a0cdcdc0b9"", ""title"": ""射频单元交流掉电告警"", ""location"": ""柜号:0; 框号:157; 槽号:0; 类型:MRRU"", ""reason"": ""551""}, {""@rid"": ""#-1:c938dec6-6077-4fc2-95cc-ffb6c58e9490"", ""title"": ""射频单元交流掉电告警"", ""location"": ""柜号:0; 框号:150; 槽号:0; 类型:MRRU"", ""reason"": ""551""}, {""@rid"": ""#-1:95ce5b4b-39bf-4501-82ca-9aca6b9ee799"", ""title"": ""射频单元交流掉电告警"", ""location"": ""柜号:0; 框号:156; 槽号:0; 类型:MRRU"", ""reason"": ""551""}]}"
2a4f883e-faa8-4e33-921f-02772aa2bf32,"{""rootcause"": [{""@rid"": ""#-1:04c745f9-4a72-40b2-b177-7266cc53aa12"", ""title"": ""射频单元驻波告警"", ""location"": ""柜号:0; 框号:200; 槽号:0; :1; 类型:MRRU; 告警(0.1):20; (0.1):20; 输出(0.1dBm):374; 端口:NULL"", ""reason"": ""516""}]}"
2a67de80-0e3a-40c5-8ba3-a1e61ec22635,"{""rootcause"": [{""@rid"": ""#-1:ce430618-c095-42f8-9851-65a440b65b1e"", ""title"": ""射频单元交流掉电告警"", ""location"": ""柜号:0; 框号:201; 槽号:0; 类型:MRRU"", ""reason"": ""551""}, {""@rid"": ""#-1:fcddb048-f522-4295-95e9-6aee909fb6cc"", ""title"": ""射频单元交流掉电告警"", ""location"": ""柜号:0; 框号:202; 槽号:0; 类型:MRRU"", ""reason"": ""551""}, {""@rid"": ""#-1:d89b59db-aa7e-46e9-acbb-85da4ba7cf02"", ""title"": ""射频单元交流掉电告警"", ""location"": ""柜号:0; 框号:225; 槽号:0; 类型:MRRU"", ""reason"": ""551""}, {""@rid"": ""#-1:72c51cde-2e84-4962-b78a-bc4d448fadf6"", ""title"": ""射频单元交流掉电告警"", ""location"": ""柜号:0; 框号:200; 槽号:0; 类型:MRRU"", ""reason"": ""551""}, {""@rid"": ""#-1:1d017337-778e-4634-8602-0e3ce579a5c1"", ""title"": ""射频单元交流掉电告警"", ""location"": ""柜号:0; 框号:224; 槽号:0; 类型:MRRU"", ""reason"": ""551""}, {""@rid"": ""#-1:1fd57fd4-79c2-4a35-99bd-38dd4d048065"", ""title"": ""射频单元交流掉电告警"", ""location"": ""柜号:0; 框号:213; 槽号:0; 类型:MRRU"", ""reason"": ""551""}]}"
2c0a6d62-f7a9-4154-8ab3-eeda0d3d53ea,"{""rootcause"": [{""@rid"": ""#-1:1e315757-3843-4e1f-8f21-187dd014ef3a"", ""title"": ""RRU链路断"", ""location"": ""SubNetwork=1003,ManagedElement=78141,Equipment=1,Rack=53,SubRack=1,Slot=1,PlugInUnit=1,SdrDeviceGroup=1"", ""reason"": ""1. BBU和RRU之间或者上下级RRU之间的光纤故障。2. RRU光模块或上联的BBU光模块故障。3. RRU未供电。4. BBU接口单板故障。5. RRU故障。6. lr端口线速率配置错误。7. 单板硬件自检。""}]}"
2c6b7290-b64b-4085-a005-ca03a8c23c4d,"{""rootcause"": [{""@rid"": ""#-1:cbeb1098-3a50-45cf-9284-61482d725dfc"", ""title"": ""射频单元直流掉电告警"", ""location"": ""柜号:0; 框号:62; 槽号:0; 类型:MRRU"", ""reason"": ""551""}, {""@rid"": ""#-1:1e3f7f78-d8c0-4fac-9b01-4dccdcb25c09"", ""title"": ""射频单元直流掉电告警"", ""location"": ""柜号:0; 框号:65; 槽号:0; 类型:MRRU"", ""reason"": ""551""}, {""@rid"": ""#-1:d8055d36-f012-4889-b001-a2d32a37a247"", ""title"": ""射频单元直流掉电告警"", ""location"": ""柜号:0; 框号:68; 槽号:0; 类型:MRRU"", ""reason"": ""551""}]}"
2d9715b7-2ac0-40a5-a88b-3eaabfdcf6bf,"{""rootcause"": [{""@rid"": ""#-1:d354219c-99ac-42fa-b08d-1760bd21115e"", ""title"": ""BBU CPRI接口异常告警"", ""location"": ""柜号:0; 框号:0; 槽号:1; 端口号:1; 端口号:0; 类型:UBBP; :MAC"", ""reason"": ""567""}]}"
2daf1e4c-2a9f-4b8c-b0d3-1beec10ed15d,"{""rootcause"": [{""@rid"": ""#-1:240b9614-7e37-4c61-aa1f-de3082e07424"", ""title"": ""BBU CPRI接口异常告警"", ""location"": ""柜号:0; 框号:0; 槽号:3; 端口号:4; 端口号:0; 类型:UBBP; :"", ""reason"": ""567""}, {""@rid"": ""#-1:e379f60a-f0a7-45c1-bc71-5a87b07f28a1"", ""title"": ""BBU CPRI接口异常告警"", ""location"": ""柜号:0; 框号:0; 槽号:3; 端口号:5; 端口号:0; 类型:UBBP; :"", ""reason"": ""567""}]}"
2e3320ae-9900-438a-af44-86d7af1abd65,"{""rootcause"": [{""@rid"": ""#-1:177da67c-7603-4370-aaa8-cac4a2b66b50"", ""title"": ""光口接收链路故障"", ""location"": ""SubNetwork=1003,ManagedElement=55381,Equipment=1,Rack=1,SubRack=1,Slot=11,PlugInUnit=1,SdrDeviceGroup=1,FiberDeviceSet=1,FiberDevice=1"", ""reason"": ""1. 光纤/电缆损坏；\n2. 光纤/电缆端面污染；\n3. 本端或对端光/电模块或光纤/电缆没插好；\n4. 对端设备的光/电模块损坏；\n5. 光纤实际长度大于光模块支持的长度；\n6. 本端、对端的光模块速率不匹配；\n7. 对端设备工作异常。""}]}"
2f436e44-277a-47ab-a185-43e3b1c8a926,"{""rootcause"": [{""@rid"": ""#-1:ee823734-079c-42fe-a98c-c441dc5de0a9"", ""title"": ""RRU链路断"", ""location"": ""SubNetwork=CMCC-GZ-03,ManagedElement=12656378,Equipment=1,ReplaceableUnit=54"", ""reason"": ""RRU链路断""}]}"
30dabdd0-6c8f-4c18-8718-38cb4619061b,"{""rootcause"": [{""@rid"": ""#-1:3ea05f63-6e69-4792-a219-22ece3ce8a3d"", ""title"": ""射频单元交流掉电告警"", ""location"": ""柜号:0; 框号:113; 槽号:0; 类型:MRRU"", ""reason"": ""551""}, {""@rid"": ""#-1:9438d730-2f52-406c-85b8-870c493768a9"", ""title"": ""射频单元交流掉电告警"", ""location"": ""柜号:0; 框号:112; 槽号:0; 类型:MRRU"", ""reason"": ""551""}, {""@rid"": ""#-1:82336af4-db89-4877-918e-4877bd4e20aa"", ""title"": ""射频单元交流掉电告警"", ""location"": ""柜号:0; 框号:111; 槽号:0; 类型:MRRU"", ""reason"": ""551""}]}"
30e36e69-1c92-47dd-8202-86ffbd6d3fd7,"{""rootcause"": [{""@rid"": ""#-1:dfcbcadb-7de8-4fca-92dd-959516b0a019"", ""title"": ""光口链路故障"", ""location"": ""SubNetwork=CMCC-GZ-04,ManagedElement=12586706,Equipment=1,ReplaceableUnit=A_6,RiPort=OPT1"", ""reason"": ""光口链路故障""}, {""@rid"": ""#-1:f705102a-1760-49d7-aee4-7136145eaa21"", ""title"": ""光模块不可用"", ""location"": ""SubNetwork=CMCC-GZ-04,ManagedElement=12586706,Equipment=1,ReplaceableUnit=B_1_6,RiPort=OF1"", ""reason"": ""光模块故障""}]}"
30ee0cf1-0b53-438c-8154-c1356061e57c,"{""rootcause"": [{""@rid"": ""#-1:c8d3a6e4-2a46-4d1f-8833-07014f4cbe73"", ""title"": ""光口接收链路故障"", ""location"": ""SubNetwork=5303,ManagedElement=373566,Equipment=1,Rack=1,SubRack=1,Slot=11,PlugInUnit=1,SdrDeviceGroup=1,FiberDeviceSet=1,FiberDevice=3"", ""reason"": ""1. 光纤/电缆损坏；\n2. 光纤/电缆端面污染；\n3. 本端或对端光/电模块或光纤/电缆没插好；\n4. 对端设备的光/电模块损坏；\n5. 光纤实际长度大于光模块支持的长度；\n6. 本端、对端的光模块速率不匹配；\n7. 对端设备工作异常。""}, {""@rid"": ""#-1:543f0402-3bf0-4aa6-98b1-941e43531036"", ""title"": ""RRU链路断"", ""location"": ""SubNetwork=5303,ManagedElement=373566,Equipment=1,Rack=60,SubRack=1,Slot=1,PlugInUnit=1,SdrDeviceGroup=1"", ""reason"": ""1. BBU和RRU之间或者上下级RRU之间的光纤故障。\n2. RRU光模块或上联的BBU光模块故障。\n3. RRU未供电。\n4. BBU接口单板故障。\n5. RRU故障。\n6. lr端口线速率配置错误。\n7. 单板硬件自检。""}]}"
3163481a-c029-4f79-b462-d5687da886dd,"{""rootcause"": [{""@rid"": ""#-1:dd9adf01-266d-42cd-9a77-53faf924b7f9"", ""title"": ""单板处于初始化状态"", ""location"": ""SubNetwork=1004,ManagedElement=1399007,Equipment=1,ReplaceableUnit=VBP_1_3"", ""reason"": ""单板处于初始化状态""}, {""@rid"": ""#-1:f4f12567-e378-43d0-8746-2813d5b4b3e3"", ""title"": ""RRU链路断"", ""location"": ""SubNetwork=1004,ManagedElement=1399007,Equipment=1,ReplaceableUnit=63"", ""reason"": ""RRU链路断""}]}"
320223fc-89b1-40bc-88a9-4b07d012da47,"{""rootcause"": [{""@rid"": ""#-1:0b8e082f-5b6c-440d-b466-d3083587feb9"", ""title"": ""输入电源断"", ""location"": ""SubNetwork=CMCC-GZ-02,ManagedElement=12722003,Equipment=1,ReplaceableUnit=A_3"", ""reason"": ""外部掉电""}, {""@rid"": ""#-1:94f95bdc-f0f0-4666-96ef-2304ea157644"", ""title"": ""输入电源断"", ""location"": ""SubNetwork=CMCC-GZ-02,ManagedElement=12722003,Equipment=1,ReplaceableUnit=A_4"", ""reason"": ""外部掉电""}, {""@rid"": ""#-1:bc4a8d7b-1d46-4c0b-8f8e-af1fbf6f7310"", ""title"": ""输入电源断"", ""location"": ""SubNetwork=CMCC-GZ-02,ManagedElement=12722003,Equipment=1,ReplaceableUnit=A_5"", ""reason"": ""外部掉电""}, {""@rid"": ""#-1:b19991cd-26f9-4953-89da-8e886c336f42"", ""title"": ""输入电源断"", ""location"": ""SubNetwork=CMCC-GZ-02,ManagedElement=12722003,Equipment=1,ReplaceableUnit=55"", ""reason"": ""输入电源断""}, {""@rid"": ""#-1:39f86371-8aff-4043-8f91-eca93ad72208"", ""title"": ""输入电源断"", ""location"": ""SubNetwork=CMCC-GZ-02,ManagedElement=12722003,Equipment=1,ReplaceableUnit=56"", ""reason"": ""输入电源断""}]}"
32cf16da-3094-4e10-8533-5efdf3335ec0,"{""rootcause"": [{""@rid"": ""#-1:75a68993-c2de-4235-8624-864693614b33"", ""title"": ""设备掉电"", ""location"": ""SubNetwork=5309,ManagedElement=295261,Equipment=1,Rack=56,SubRack=1,Slot=1,PlugInUnit=1,SdrDeviceGroup=1"", ""reason"": ""1. 市电异常。\n2. 外部供电设备故障。""}, {""@rid"": ""#-1:be729b9c-65e3-47ab-bc84-f1f3b942725b"", ""title"": ""设备掉电"", ""location"": ""SubNetwork=5309,ManagedElement=295261,Equipment=1,Rack=55,SubRack=1,Slot=1,PlugInUnit=1,SdrDeviceGroup=1"", ""reason"": ""1. 市电异常。\n2. 外部供电设备故障。""}, {""@rid"": ""#-1:78d3db76-5756-43d4-bb47-aec21e7e4f3e"", ""title"": ""设备掉电"", ""location"": ""SubNetwork=5309,ManagedElement=295261,Equipment=1,Rack=52,SubRack=1,Slot=1,PlugInUnit=1,SdrDeviceGroup=1"", ""reason"": ""1. 市电异常。\n2. 外部供电设备故障。""}, {""@rid"": ""#-1:ee8ce296-589b-49f6-9533-07c7d2a1ad70"", ""title"": ""设备掉电"", ""location"": ""SubNetwork=5309,ManagedElement=295261,Equipment=1,Rack=51,SubRack=1,Slot=1,PlugInUnit=1,SdrDeviceGroup=1"", ""reason"": ""1. 市电异常。\n2. 外部供电设备故障。""}, {""@rid"": ""#-1:3355c438-3d11-4442-8519-70182f18c9ca"", ""title"": ""设备掉电"", ""location"": ""SubNetwork=5309,ManagedElement=295261,Equipment=1,Rack=53,SubRack=1,Slot=1,PlugInUnit=1,SdrDeviceGroup=1"", ""reason"": ""1. 市电异常。\n2. 外部供电设备故障。""}, {""@rid"": ""#-1:22776b83-6e3f-424d-a686-f6edbb6385fa"", ""title"": ""光口接收链路故障"", ""location"": ""SubNetwork=5309,ManagedElement=295261,Equipment=1,Rack=1,SubRack=1,Slot=12,PlugInUnit=1,SdrDeviceGroup=1,FiberDeviceSet=1,FiberDevice=1"", ""reason"": ""1. 光纤/电缆损坏；\n2. 光纤/电缆端面污染；\n3. 本端或对端光/电模块或光纤/电缆没插好；\n4. 对端设备的光/电模块损坏；\n5. 光纤实际长度大于光模块支持的长度；\n6. 本端、对端的光模块速率不匹配；\n7. 对端设备工作异常。""}, {""@rid"": ""#-1:7339f051-c7dd-441f-9cd7-591c1d201a05"", ""title"": ""设备掉电"", ""location"": ""SubNetwork=5309,ManagedElement=295261,Equipment=1,Rack=54,SubRack=1,Slot=1,PlugInUnit=1,SdrDeviceGroup=1"", ""reason"": ""1. 市电异常。\n2. 外部供电设备故障。""}]}"
337958d5-7bb9-43ab-8019-f5ebd98172ab,"{""rootcause"": [{""@rid"": ""#-1:d39534ab-d429-46c6-9a1e-9753b9a65c90"", ""title"": ""射频单元CPRI接口异常告警"", ""location"": ""柜号:0; 框号:83; 槽号:0; 端口号:端口0; 端口号:NULL; 类型:MRRU; :"", ""reason"": ""566""}, {""@rid"": ""#-1:6cdaa637-d2fd-4da2-aec4-2c2fab931e2f"", ""title"": ""射频单元CPRI接口异常告警"", ""location"": ""柜号:0; 框号:81; 槽号:0; 端口号:端口0; 端口号:NULL; 类型:MRRU; :"", ""reason"": ""566""}]}"
33d33e92-a497-4908-9bf1-4007aa79884b,"{""rootcause"": [{""@rid"": ""#-1:e8e2a5e4-bc62-4f84-9dc8-fbb0156e40f8"", ""title"": ""输入电源断"", ""location"": ""SubNetwork=1004,ManagedElement=1401088,Equipment=1,ReplaceableUnit=61"", ""reason"": ""外部掉电""}, {""@rid"": ""#-1:12c9b357-ec36-4920-9352-9e968d43ac02"", ""title"": ""输入电源断"", ""location"": ""SubNetwork=1004,ManagedElement=1401088,Equipment=1,ReplaceableUnit=63"", ""reason"": ""外部掉电""}, {""@rid"": ""#-1:76a7f948-cf3b-409a-b616-414806cf4a5e"", ""title"": ""输入电源断"", ""location"": ""SubNetwork=1004,ManagedElement=1401088,Equipment=1,ReplaceableUnit=62"", ""reason"": ""外部掉电""}]}"
351fbcfe-6298-4071-bdd1-2e327935b819,"{""rootcause"": [{""@rid"": ""#-1:a283f2a4-0095-4959-9327-98bf161046da"", ""title"": ""射频单元直流掉电告警"", ""location"": ""柜号:0; 框号:212; 槽号:0; 类型:MRRU"", ""reason"": ""551""}]}"
352392db-0d74-4632-a156-6154d7cd877a,"{""rootcause"": [{""@rid"": ""#-1:0c3cb9ba-88b0-4d26-84cb-8258ff534259"", ""title"": ""设备掉电"", ""location"": ""SubNetwork=1003,ManagedElement=78176,Equipment=1,Rack=52,SubRack=1,Slot=1,PlugInUnit=1,SdrDeviceGroup=1"", ""reason"": ""1. 市电异常。\n2. 外部供电设备故障。""}, {""@rid"": ""#-1:6ef4ea3a-8293-4865-a18b-2f6b93977878"", ""title"": ""设备掉电"", ""location"": ""SubNetwork=1003,ManagedElement=78176,Equipment=1,Rack=53,SubRack=1,Slot=1,PlugInUnit=1,SdrDeviceGroup=1"", ""reason"": ""1. 市电异常。\n2. 外部供电设备故障。""}, {""@rid"": ""#-1:dabddef4-a374-48f6-973e-7c6f3d5b5e0c"", ""title"": ""设备掉电"", ""location"": ""SubNetwork=1003,ManagedElement=78176,Equipment=1,Rack=51,SubRack=1,Slot=1,PlugInUnit=1,SdrDeviceGroup=1"", ""reason"": ""1. 市电异常。\n2. 外部供电设备故障。""}]}"
352cac01-53d3-409b-bcc5-962081024d06,"{""rootcause"": [{""@rid"": ""#-1:b390afe1-5796-4e69-8723-07ea2e2898c7"", ""title"": ""射频单元直流掉电告警"", ""location"": ""柜号:0; 框号:63; 槽号:0; 类型:MRRU"", ""reason"": ""551""}]}"
353c1e9e-fd92-4a50-ac27-7ce15a1aef24,"{""rootcause"": [{""@rid"": ""#-1:e12ef778-33ef-4e50-b61f-1cb81e509c53"", ""title"": ""天馈驻波比异常"", ""location"": ""SubNetwork=0,ManagedElement=3673486,Equipment=1,ReplaceableUnit=63,RfPort=ANT3"", ""reason"": ""天馈驻波比异常""}]}"
35dcec5d-5286-4e33-bd22-42708535b5c8,"{""rootcause"": [{""@rid"": ""#-1:cdae2adb-e54f-4853-a87b-159aa82eae77"", ""title"": ""ETH_LOS"", ""location"": ""6-TND1EF8T-1(PORT-1)-MAC:1"", ""reason"": ""(1)端口已使能但端口的网线或光纤没有连接好；\n(2)网线或光纤故障；\n(3)对端发送部分故障；\n(4)本端接收部分故障。\n(5)灰光光模块与彩光光模块对接，端口可能上ETH_LOS。\n(6)彩光光模块对接，配置不同波长。\n(7)对接端口的传输模式不一致或者FEC模式不一致。""}, {""@rid"": ""#-1:969993f8-2571-4163-9b32-4b676304a6c9"", ""title"": ""ETH_LOS"", ""location"": ""2-TPA6EX16S-13(PORT-13)-MAC:1"", ""reason"": ""(1)端口已使能但端口的网线或光纤没有连接好；\n(2)网线或光纤故障；\n(3)对端发送部分故障；\n(4)本端接收部分故障。\n(5)灰光光模块与彩光光模块对接，端口可能上ETH_LOS。\n(6)彩光光模块对接，配置不同波长。\n(7)对接端口的传输模式不一致或者FEC模式不一致。""}]}"
35f71628-fc0e-4af8-b591-e614ae663ed1,"{""rootcause"": [{""@rid"": ""#-1:abf50b03-8e07-4fd2-abe4-9b32faf47c94"", ""title"": ""输入电压异常"", ""location"": ""SubNetwork=5309,ManagedElement=2621747,Equipment=1,ReplaceableUnit=VPD_1_5"", ""reason"": ""欠压""}]}"
360cab15-4cb7-432d-8797-f44680e6a2b0,"{""rootcause"": [{""@rid"": ""#-1:6bb5164f-d3b2-4c4c-9ea9-7c3b94518143"", ""title"": ""射频单元输入电源能力不足告警"", ""location"": ""柜号:0; 框号:162; 槽号:0; 电源端口:NULL; 类型:MRRU; :机柜异常"", ""reason"": ""105""}]}"
364b89ec-619d-4dba-8b55-589c2814d622,"{""rootcause"": [{""@rid"": ""#-1:b860910e-fca3-446c-b9ce-584ef28cc20b"", ""title"": ""射频单元直流掉电告警"", ""location"": ""柜号:0; 框号:60; 槽号:0; 类型:MRRU"", ""reason"": ""551""}, {""@rid"": ""#-1:0da2a98b-15b6-45b0-ac50-23b82c50529c"", ""title"": ""射频单元直流掉电告警"", ""location"": ""柜号:0; 框号:66; 槽号:0; 类型:MRRU"", ""reason"": ""551""}, {""@rid"": ""#-1:f999a8eb-c8b8-42de-b555-d519eb023d5c"", ""title"": ""射频单元直流掉电告警"", ""location"": ""柜号:0; 框号:63; 槽号:0; 类型:MRRU"", ""reason"": ""551""}]}"
3690c771-01da-4841-8845-73118c942d54,"{""rootcause"": [{""@rid"": ""#-1:e41a5082-f93b-4325-8b5f-a95d20a050d7"", ""title"": ""输入电源断"", ""location"": ""SubNetwork=1004,ManagedElement=1391200,Equipment=1"", ""reason"": ""外部供电异常""}]}"
369f05c6-ded0-4adf-ab3e-426deb83bb48,"{""rootcause"": [{""@rid"": ""#-1:fcbbe13e-6877-426a-af8b-08e2232519a2"", ""title"": ""输入电源断"", ""location"": ""SubNetwork=CMCC-GZ-04,ManagedElement=12640909,Equipment=1,ReplaceableUnit=A_3"", ""reason"": ""外部掉电""}]}"
36f1d282-d82b-4f34-9811-4a80aaa06cb5,"{""rootcause"": [{""@rid"": ""#-1:9c7f5cd3-2b7a-4395-a95d-6f8cce4bcbfe"", ""title"": ""RRU链路断"", ""location"": ""SubNetwork=CMCC-GZ-03,ManagedElement=12720507,Equipment=1,ReplaceableUnit=52"", ""reason"": ""RRU链路断""}]}"
379f15df-8f46-4d32-a8ce-8ffa41130098,"{""rootcause"": [{""@rid"": ""#-1:65be7687-1177-4ce8-9f43-16848d268e1b"", ""title"": ""天馈驻波比异常"", ""location"": ""sbn=7312,NodeMe=985710,Equipment=1,rack=77,shelf=1,board=1"", ""reason"": ""1. 天馈线缆接头制作不合格、未拧紧、进水或存在金属碎屑等异物。\n2. 天馈线缆存在挤压、弯折，或馈缆损坏。\n3. 射频单元硬件故障。\n4. 天线对着障碍物。\n5. 驻波比告警门限过低。""}]}"
3820dbe2-878b-4ab5-bc23-b5596002b673,"{""rootcause"": [{""@rid"": ""#-1:91ec2403-b76a-411d-b759-4f9d426161a8"", ""title"": ""输入电源断"", ""location"": ""SubNetwork=1004,ManagedElement=1389516,Equipment=1,ReplaceableUnit=82"", ""reason"": ""外部掉电""}, {""@rid"": ""#-1:1e39e052-c14b-402f-a6a8-6e5fb10329e9"", ""title"": ""输入电源断"", ""location"": ""SubNetwork=1004,ManagedElement=1389516,Equipment=1,ReplaceableUnit=81"", ""reason"": ""外部掉电""}]}"
3827c334-1d70-4973-b288-0ad59d6b914b,"{""rootcause"": [{""@rid"": ""#-1:0b48f5f0-4bfd-4c88-a2b2-ea3c116dfe30"", ""title"": ""射频单元CPRI接口异常告警"", ""location"": ""柜号:0; 框号:227; 槽号:0; 端口号:端口0; 端口号:NULL; 类型:MRRU; :"", ""reason"": ""566""}]}"
38fa907e-772c-484c-bab4-8227025e3b49,"{""rootcause"": [{""@rid"": ""#-1:47563dc4-a322-4c24-96f2-84055b11e733"", ""title"": ""RHUB与pRRU间链路异常告警"", ""location"": ""柜号:0; 框号:80; 槽号:0; 端口:1; 类型:RHUB; :传输异常"", ""reason"": ""566""}]}"
3a8199cf-84a3-4d89-8e4b-3b754fc811af,"{""rootcause"": [{""@rid"": ""#-1:03784252-6c35-4533-9ddb-f52137b9bd13"", ""title"": ""BBU CPRI接口异常告警"", ""location"": ""柜号:0; 框号:0; 槽号:4; 端口号:2; 端口号:0; 类型:UBBP; :CPRI接口异常"", ""reason"": ""567""}]}"
3c88e28d-e9c2-47b8-afc2-7b7f37379495,"{""rootcause"": [{""@rid"": ""#-1:8675f5bb-c8e7-48f6-aafb-cab14ae3d06e"", ""title"": ""射频单元交流掉电告警"", ""location"": ""柜号:0; 框号:151; 槽号:0; 类型:AIRU"", ""reason"": ""551""}, {""@rid"": ""#-1:d82eaef1-1421-41ce-9ae9-929641b0cd9b"", ""title"": ""射频单元交流掉电告警"", ""location"": ""柜号:0; 框号:152; 槽号:0; 类型:AIRU"", ""reason"": ""551""}, {""@rid"": ""#-1:a0e44e4a-b841-4df8-a6ab-45681f90b3f3"", ""title"": ""射频单元交流掉电告警"", ""location"": ""柜号:0; 框号:150; 槽号:0; 类型:AIRU"", ""reason"": ""551""}]}"
3ee45790-0310-43d7-a21b-167465513cbc,"{""rootcause"": [{""@rid"": ""#-1:bfc03d6d-ce09-4723-ab80-94b8fb8a5ff6"", ""title"": ""输入电源断"", ""location"": ""SubNetwork=5309,ManagedElement=2622012,Equipment=1,ReplaceableUnit=53"", ""reason"": ""外部掉电""}]}"
3f9c46ff-abc1-479e-a71e-eaded61544be,"{""rootcause"": [{""@rid"": ""#-1:966427fb-f4d0-4da3-876e-a3eaa0bf7e3f"", ""title"": ""天馈驻波比异常"", ""location"": ""SubNetwork=0,ManagedElement=2491362,Equipment=1,ReplaceableUnit=53,RfPort=ANT1"", ""reason"": ""天馈驻波比异常""}]}"
3ff15322-56cf-4d2d-b742-077372b53bcb,"{""rootcause"": [{""@rid"": ""#-1:1a69cadb-d18c-4c32-93b0-42615083e824"", ""title"": ""输入电源断"", ""location"": ""SubNetwork=1004,ManagedElement=1401094,Equipment=1,ReplaceableUnit=62"", ""reason"": ""外部掉电""}, {""@rid"": ""#-1:f41e7bda-61c2-4de9-af9f-29c520b8a311"", ""title"": ""输入电源断"", ""location"": ""SubNetwork=1004,ManagedElement=1401094,Equipment=1,ReplaceableUnit=61"", ""reason"": ""外部掉电""}, {""@rid"": ""#-1:f13434fa-c30a-4fd9-a518-6d63aa7513cd"", ""title"": ""输入电源断"", ""location"": ""SubNetwork=1004,ManagedElement=1401094,Equipment=1,ReplaceableUnit=63"", ""reason"": ""外部掉电""}]}"
4079fac3-5a5c-48e1-b171-d09393a78fc9,"{""rootcause"": [{""@rid"": ""#-1:def8e14e-d628-48d0-bec0-a1cdc239c1b3"", ""title"": ""网元连接中断"", ""location"": ""网元名称:2HL-D3900460803PT; 网元IP地址:100.92.29.20; 网元IP地址(IP Mode):NULL; 端口:6007; 错误:N/A; 信息:状态异常; 分:MediationService0706; OMC IP:10.154.18.15"", ""reason"": ""718""}]}"
40ee781f-40f4-481e-b9d5-c2e9b9b98b3f,"{""rootcause"": [{""@rid"": ""#-1:759917a8-b4c0-48ab-b04f-c44cb92cae8f"", ""title"": ""光口链路故障"", ""location"": ""SubNetwork=1004,ManagedElement=1399241,Equipment=1,ReplaceableUnit=62,RiPort=OPT1"", ""reason"": ""光口链路故障""}]}"
40f987a8-d9c1-4dd7-afc0-411db8e88357,"{""rootcause"": [{""@rid"": ""#-1:a96739e4-32ee-4391-b35e-9f9349afbdd4"", ""title"": ""光口链路故障"", ""location"": ""SubNetwork=CMCC-GZ-02,ManagedElement=12583217,Equipment=1,ReplaceableUnit=VBP_1_8,RiPort=OF3"", ""reason"": ""光口链路故障""}, {""@rid"": ""#-1:d70da666-a662-4d65-bd05-5f718104bd70"", ""title"": ""光口链路故障"", ""location"": ""SubNetwork=CMCC-GZ-02,ManagedElement=12583217,Equipment=1,ReplaceableUnit=VBP_1_8,RiPort=OF2"", ""reason"": ""光口链路故障""}, {""@rid"": ""#-1:fcaead50-3aa4-40ea-9279-96604acae21e"", ""title"": ""光口链路故障"", ""location"": ""SubNetwork=CMCC-GZ-02,ManagedElement=12583217,Equipment=1,ReplaceableUnit=VBP_1_8,RiPort=OF1"", ""reason"": ""光口链路故障""}]}"
414bc4eb-e648-4dff-8379-785cd671dc18,"{""rootcause"": [{""@rid"": ""#-1:4080bfbb-9d5a-470d-9a55-0f604efb03dc"", ""title"": ""设备掉电"", ""location"": ""SubNetwork=5300,ManagedElement=595191,Equipment=1,Rack=53,SubRack=1,Slot=1,PlugInUnit=1,SdrDeviceGroup=1"", ""reason"": ""1. 市电异常。\n2. 外部供电设备故障。""}]}"
4206f555-0ca1-4d7c-9ce7-cfaa61565a94,"{""rootcause"": [{""@rid"": ""#-1:f6edfb00-f830-455b-b828-da52910001fa"", ""title"": ""射频单元驻波告警"", ""location"": ""柜号:0; 框号:206; 槽号:0; :1; 类型:MRRU; 告警(0.1):18; (0.1):18; 输出(0.1dBm):383; 端口:NULL"", ""reason"": ""516""}]}"
4254c9d1-a799-4a17-909a-225059e42af0,"{""rootcause"": [{""@rid"": ""#-1:310cbc94-f82c-403c-9a42-a6eb5a569ec2"", ""title"": ""RRU链路断"", ""location"": ""SubNetwork=5301,ManagedElement=373773,Equipment=1,Rack=52,SubRack=1,Slot=1,PlugInUnit=1,SdrDeviceGroup=1"", ""reason"": ""1. BBU和RRU之间或者上下级RRU之间的光纤故障。\n2. RRU光模块或上联的BBU光模块故障。\n3. RRU未供电。\n4. BBU接口单板故障。\n5. RRU故障。\n6. lr端口线速率配置错误。\n7. 单板硬件自检。""}]}"
42711eeb-4404-496f-af34-08dbd296f298,"{""rootcause"": [{""@rid"": ""#-1:c7405088-b26b-49e9-a4e7-ba48c381c1b0"", ""title"": ""BBU CPRI接口异常告警"", ""location"": ""柜号:0; 框号:0; 槽号:0; 端口号:2; 端口号:0; 类型:UBBP; :"", ""reason"": ""567""}]}"
4329bf44-8029-482c-a2a4-6d2502715ad4,"{""rootcause"": [{""@rid"": ""#-1:4ba61039-ed1d-434d-9f69-8d5ef4e7395f"", ""title"": ""设备掉电"", ""location"": ""sbn=7312,NodeMe=986864,Equipment=1,rack=57,shelf=1,board=1"", ""reason"": ""1. 市电异常。\n2. 外部供电设备故障。""}, {""@rid"": ""#-1:c5b32d67-1b9c-4a5f-97a4-595cc7ff4764"", ""title"": ""设备掉电"", ""location"": ""sbn=7312,NodeMe=986864,Equipment=1,rack=58,shelf=1,board=1"", ""reason"": ""1. 市电异常。\n2. 外部供电设备故障。""}]}"
43890181-f7f1-4ac9-b5ae-75fe34bd576f,"{""rootcause"": [{""@rid"": ""#-1:90c2bee8-56e8-4165-b83a-8ca96b51642e"", ""title"": ""射频单元CPRI接口异常告警"", ""location"": ""柜号:0; 框号:200; 槽号:0; 端口号:端口1; 端口号:0; 类型:AIRU; :"", ""reason"": ""566""}]}"
43a52adc-0332-479c-9e4a-f2642ff64db8,"{""rootcause"": [{""@rid"": ""#-1:6d8f766f-4566-4b41-a2cf-d96cb8174bb5"", ""title"": ""射频单元维护链路异常告警"", ""location"": ""柜号:0; 框号:94; 槽号:0; 类型:MPMU; :"", ""reason"": ""567""}, {""@rid"": ""#-1:99f8512f-1c76-4fcd-858e-f7f021edc875"", ""title"": ""射频单元维护链路异常告警"", ""location"": ""柜号:0; 框号:107; 槽号:0; 类型:MPMU; :"", ""reason"": ""567""}]}"
43e1c548-f5bd-4696-b916-8f2420bb4c59,"{""rootcause"": [{""@rid"": ""#-1:475c5084-27a4-4e92-889f-7d142c78e198"", ""title"": ""射频单元交流掉电告警"", ""location"": ""柜号:0; 框号:200; 槽号:0; 类型:MRRU"", ""reason"": ""551""}, {""@rid"": ""#-1:5283a72c-8904-4f8b-a12a-1464e8acb513"", ""title"": ""射频单元交流掉电告警"", ""location"": ""柜号:0; 框号:200; 槽号:0; 类型:MRRU"", ""reason"": ""551""}]}"
43eb3ea1-64a8-4a44-b99f-eceee74963ee,"{""rootcause"": [{""@rid"": ""#-1:0c4ff3ad-c94e-4c79-8efa-180937ea7df3"", ""title"": ""射频单元直流掉电告警"", ""location"": ""柜号:0; 框号:152; 槽号:0; 类型:AIRU"", ""reason"": ""551""}]}"
440eed78-f2a8-46e0-84fb-935b7a722faf,"{""rootcause"": [{""@rid"": ""#-1:de977b4b-342e-4f82-b318-0452fe693aa0"", ""title"": ""输入电源断"", ""location"": ""SubNetwork=1004,ManagedElement=1396919,Equipment=1"", ""reason"": ""外部供电异常""}]}"
441995e6-e153-4e40-af0f-d0eb20ddcfa5,"{""rootcause"": [{""@rid"": ""#-1:63de300f-5195-4f21-8e5d-244d93516979"", ""title"": ""BBU单板维护链路异常告警"", ""location"": ""柜号:0; 框号:0; 槽号:4; 类型:UBBP"", ""reason"": ""567""}]}"
44de3046-3c13-44cb-a9e9-e8925109a316,"{""rootcause"": [{""@rid"": ""#-1:d7a90720-9539-47ef-a9c1-91513da0677e"", ""title"": ""小区不可用告警"", ""location"": ""eNodeB名称:2-HFM; 本地:197; :FDD; NB-IoT:FALSE; 名称:2-HFM-FD-197; eNodeB:889978; :197; :异常"", ""reason"": ""509""}]}"
45af72c2-29c2-4e1c-b95e-6f9cd0c39ab5,"{""rootcause"": [{""@rid"": ""#-1:3c755dd5-69c9-4cf7-9e0f-7ec0e9fe480c"", ""title"": ""NR分布单元小区TRP不可用告警"", ""location"": ""gNodeB名称:B(B33B49)D59002536336TF-H5W; NR DUTRP:3; 故障柜号:0; 故障框号:203; 故障槽号:0; 描述:NULL; :CPRI接口异常"", ""reason"": ""509""}]}"
45cdd9e5-784d-4d72-8eaa-7bf541f8d111,"{""rootcause"": [{""@rid"": ""#-1:817ed4ab-1bca-4b17-8f3c-a77e5f61db41"", ""title"": ""RRU链路断"", ""location"": ""SubNetwork=1003,ManagedElement=16477,Equipment=1,Rack=61,SubRack=1,Slot=1,PlugInUnit=1,SdrDeviceGroup=1"", ""reason"": ""1. BBU和RRU之间或者上下级RRU之间的光纤故障。\n2. RRU光模块或上联的BBU光模块故障。\n3. RRU未供电。\n4. BBU接口单板故障。\n5. RRU故障。\n6. lr端口线速率配置错误。\n7. 单板硬件自检。""}, {""@rid"": ""#-1:6c38012f-954e-4ab7-92da-4f831cad2dae"", ""title"": ""RRU链路断"", ""location"": ""SubNetwork=1003,ManagedElement=16477,Equipment=1,Rack=53,SubRack=1,Slot=1,PlugInUnit=1,SdrDeviceGroup=1"", ""reason"": ""1. BBU和RRU之间或者上下级RRU之间的光纤故障。\n2. RRU光模块或上联的BBU光模块故障。\n3. RRU未供电。\n4. BBU接口单板故障。\n5. RRU故障。\n6. lr端口线速率配置错误。\n7. 单板硬件自检。""}, {""@rid"": ""#-1:5dbb5541-b90f-484c-a4bf-91aa34cb8277"", ""title"": ""RRU链路断"", ""location"": ""SubNetwork=1003,ManagedElement=16477,Equipment=1,Rack=52,SubRack=1,Slot=1,PlugInUnit=1,SdrDeviceGroup=1"", ""reason"": ""1. BBU和RRU之间或者上下级RRU之间的光纤故障。\n2. RRU光模块或上联的BBU光模块故障。\n3. RRU未供电。\n4. BBU接口单板故障。\n5. RRU故障。\n6. lr端口线速率配置错误。\n7. 单板硬件自检。""}]}"
475ef09f-dd58-4a62-8c17-b3fcaa8c5223,"{""rootcause"": [{""@rid"": ""#-1:057dbb4c-f1f9-40b8-a9ea-494cc355f99e"", ""title"": ""BBU CPRI接口异常告警"", ""location"": ""柜号:0; 框号:0; 槽号:3; 端口号:5; 端口号:0; 类型:UBBP; :"", ""reason"": ""567""}]}"
47db5f09-a0c5-463a-9ac2-9248a4a228a2,"{""rootcause"": [{""@rid"": ""#-1:d6183f69-832a-423d-aea5-65e93cbc2620"", ""title"": ""射频单元交流掉电告警"", ""location"": ""柜号:0; 框号:175; 槽号:0; 类型:MRRU"", ""reason"": ""551""}]}"
4951409d-554c-4050-9e47-c8f393f6cd88,"{""rootcause"": [{""@rid"": ""#-1:e1157e95-e58c-46ff-8df6-8c96d1187d1c"", ""title"": ""射频单元交流掉电告警"", ""location"": ""柜号:0; 框号:206; 槽号:0; 类型:MRRU"", ""reason"": ""551""}]}"
49c5da74-b725-475e-a6b5-024685ac2658,"{""rootcause"": [{""@rid"": ""#-1:93d9df62-3918-4518-ad2a-48a5131eb32e"", ""title"": ""射频单元交流掉电告警"", ""location"": ""柜号:0; 框号:224; 槽号:0; 类型:MRRU"", ""reason"": ""551""}, {""@rid"": ""#-1:3bb01bf8-4918-4640-bd9c-b962c65e9274"", ""title"": ""射频单元交流掉电告警"", ""location"": ""柜号:0; 框号:230; 槽号:0; 类型:MRRU"", ""reason"": ""551""}]}"
4a00c3b0-8542-4034-accf-a39d3f760d43,"{""rootcause"": [{""@rid"": ""#-1:57956b88-cef3-484e-8bf3-cebfd4e14ba5"", ""title"": ""以太网物理接口(ETPI) 信号丢失(LOS)"", ""location"": ""OIGE8A[0-1-6]-GE:3"", ""reason"": ""以太网物理接口(ETPI) 信号丢失(LOS)""}]}"
4a485e4d-2d2a-4ddf-ba9d-efdcf0a51670,"{""rootcause"": [{""@rid"": ""#-1:dac1a7d9-8c26-44e0-ac83-ee6f6561da32"", ""title"": ""单板硬件故障告警"", ""location"": ""柜号:0; 框号:0; 槽号:4; 类型:UBBP; :"", ""reason"": ""509""}]}"
4a5ec3b9-73fa-4531-9f7c-764651dbddee,"{""rootcause"": [{""@rid"": ""#-1:6ad1f835-db81-4ef3-9a07-a7528f57f5ee"", ""title"": ""射频单元直流掉电告警"", ""location"": ""柜号:0; 框号:150; 槽号:0; 类型:AIRU"", ""reason"": ""551""}, {""@rid"": ""#-1:ee196dbb-7465-4ece-917d-ba30ce9a6ce4"", ""title"": ""射频单元直流掉电告警"", ""location"": ""柜号:0; 框号:151; 槽号:0; 类型:AIRU"", ""reason"": ""551""}, {""@rid"": ""#-1:b8f4fbcb-059d-4d92-b83f-48f3120ebc0c"", ""title"": ""射频单元直流掉电告警"", ""location"": ""柜号:0; 框号:152; 槽号:0; 类型:AIRU"", ""reason"": ""551""}]}"
4a9cd29f-25a0-40e1-bedf-d6f76fa34563,"{""rootcause"": [{""@rid"": ""#-1:99eb64f6-4ecc-4428-8dc5-481cf6a2de5c"", ""title"": ""BBU CPRI接口异常告警"", ""location"": ""柜号:0; 框号:0; 槽号:3; 端口号:3; 端口号:0; 类型:UBBP; :CPRI接口异常"", ""reason"": ""567""}]}"
4ae39e96-566b-4185-9cc4-2d16c98bdc9d,"{""rootcause"": [{""@rid"": ""#-1:181a7b54-79b6-4f6c-a91d-f7c8f42f6355"", ""title"": ""RRU链路断"", ""location"": ""SubNetwork=1004,ManagedElement=1402810,Equipment=1,ReplaceableUnit=77"", ""reason"": ""RRU链路断""}]}"
4b3847d3-1e4e-4380-9438-b5bf09915aa1,"{""rootcause"": [{""@rid"": ""#-1:85847993-c3ae-460c-acb0-82a692c474c8"", ""title"": ""射频单元交流掉电告警"", ""location"": ""柜号:0; 框号:60; 槽号:0; 类型:MRRU"", ""reason"": ""551""}, {""@rid"": ""#-1:3adc7017-1995-460a-a73b-89f681cf85c7"", ""title"": ""射频单元交流掉电告警"", ""location"": ""柜号:0; 框号:61; 槽号:0; 类型:MRRU"", ""reason"": ""551""}]}"
4b6708c1-8535-4c4b-a25c-05a94fd73b3b,"{""rootcause"": [{""@rid"": ""#-1:f0b5c455-7103-4341-9155-480a189d8517"", ""title"": ""射频单元CPRI接口异常告警"", ""location"": ""柜号:0; 框号:152; 槽号:0; 端口号:端口0; 端口号:0; 类型:AIRU; :链路故障"", ""reason"": ""566""}]}"
4bc34075-c7db-40a9-9c7e-920c0d401a48,"{""rootcause"": [{""@rid"": ""#-1:f69d40e4-6596-4896-b7ab-d2ed6d8dd391"", ""title"": ""RRU链路断"", ""location"": ""SubNetwork=1004,ManagedElement=1434530,Equipment=1,ReplaceableUnit=62"", ""reason"": ""RRU链路断""}, {""@rid"": ""#-1:32966de1-dbf7-4e5f-8089-dc2b918aaf38"", ""title"": ""RRU链路断"", ""location"": ""SubNetwork=1004,ManagedElement=1434530,Equipment=1,ReplaceableUnit=63"", ""reason"": ""RRU链路断""}, {""@rid"": ""#-1:04f5d847-c9d7-4f45-a9e2-933a3a021bf0"", ""title"": ""RRU链路断"", ""location"": ""SubNetwork=1004,ManagedElement=1434530,Equipment=1,ReplaceableUnit=61"", ""reason"": ""RRU链路断""}]}"
4bf1369e-8c86-4889-a1f7-611901c2aee2,"{""rootcause"": [{""@rid"": ""#-1:31001aad-e26a-4a74-91dd-c652e3a3d314"", ""title"": ""硬件类型和配置不一致"", ""location"": ""SubNetwork=1003,ManagedElement=80621,Equipment=1,Rack=52,SubRack=1,Slot=1,PlugInUnit=1,SdrDeviceGroup=1"", ""reason"": ""1. OMC配置错误。\n2. 网元插板或所连RRU类型错误；或者机柜类型错误；或者BBU机型错误。""}, {""@rid"": ""#-1:4682e1a6-5f24-4e14-8754-6dc5c0f0f0e1"", ""title"": ""硬件类型和配置不一致"", ""location"": ""SubNetwork=1003,ManagedElement=80621,Equipment=1,Rack=53,SubRack=1,Slot=1,PlugInUnit=1,SdrDeviceGroup=1"", ""reason"": ""1. OMC配置错误。\n2. 网元插板或所连RRU类型错误；或者机柜类型错误；或者BBU机型错误。""}, {""@rid"": ""#-1:e497fbe0-5040-437a-8b91-3856e94e4665"", ""title"": ""硬件类型和配置不一致"", ""location"": ""SubNetwork=1003,ManagedElement=80621,Equipment=1,Rack=51,SubRack=1,Slot=1,PlugInUnit=1,SdrDeviceGroup=1"", ""reason"": ""1. OMC配置错误。\n2. 网元插板或所连RRU类型错误；或者机柜类型错误；或者BBU机型错误。""}]}"
4c2b3b06-a6a2-4c1b-9734-def3d1f849d8,"{""rootcause"": [{""@rid"": ""#-1:478860c0-cfb6-4e87-8e69-14f09e94b850"", ""title"": ""网元链路断"", ""location"": ""SubNetwork=0,ManagedElement=2497000"", ""reason"": ""网元链路断""}]}"
4d04a07e-d1a2-4a59-b27f-99a5fb517ec2,"{""rootcause"": [{""@rid"": ""#-1:07a485d2-6e8d-49ad-81f8-ed0bd41fae47"", ""title"": ""射频单元驻波告警"", ""location"": ""柜号:0; 框号:228; 槽号:0; :1; 类型:MRRU; 告警(0.1):20; (0.1):21; 输出(0.1dBm):437; 端口:NULL"", ""reason"": ""516""}]}"
4dff85a4-93cb-4ea0-9422-bee089e4fcd2,"{""rootcause"": [{""@rid"": ""#-1:85e74af9-a718-4a3d-a03f-bd68d2dbb913"", ""title"": ""射频单元驻波告警"", ""location"": ""柜号:0; 框号:63; 槽号:0; :5; 类型:MRRU; 告警(0.1):20; (0.1):20; 输出(0.1dBm):252; 端口:NULL"", ""reason"": ""516""}]}"
4e161903-1da3-4a54-897b-cd01a202ef18,"{""rootcause"": [{""@rid"": ""#-1:30e8f16c-d8f1-47c1-aa56-cc76b652b400"", ""title"": ""射频单元交流掉电告警"", ""location"": ""柜号:0; 框号:208; 槽号:0; 类型:MRRU"", ""reason"": ""551""}, {""@rid"": ""#-1:57152b79-0b3b-448c-8136-0d111e20ef7d"", ""title"": ""射频单元交流掉电告警"", ""location"": ""柜号:0; 框号:207; 槽号:0; 类型:MRRU"", ""reason"": ""551""}, {""@rid"": ""#-1:8004025a-9a6b-4ffd-8cb7-b8d25398355d"", ""title"": ""射频单元交流掉电告警"", ""location"": ""柜号:0; 框号:202; 槽号:0; 类型:MRRU"", ""reason"": ""551""}, {""@rid"": ""#-1:47481eeb-64a9-48e2-8e64-d04084b392fa"", ""title"": ""射频单元交流掉电告警"", ""location"": ""柜号:0; 框号:201; 槽号:0; 类型:MRRU"", ""reason"": ""551""}, {""@rid"": ""#-1:035ee565-0782-4764-8d23-e20bb7f1f1ce"", ""title"": ""射频单元交流掉电告警"", ""location"": ""柜号:0; 框号:200; 槽号:0; 类型:MRRU"", ""reason"": ""551""}]}"
4f66c084-4f15-43d9-9f95-0350f4179ea6,"{""rootcause"": [{""@rid"": ""#-1:5a98d39f-780b-47f2-b6f4-dbc2ac9121d8"", ""title"": ""单板电源关断"", ""location"": ""SubNetwork=1002,ManagedElement=82367,Equipment=1,Rack=1,SubRack=1,Slot=3,PlugInUnit=1,SdrDeviceGroup=1"", ""reason"": ""1. 单板过温。\n2. 单板过流。\n3. OMC发起关断。\n4. 软件异常关电。""}]}"
50136eba-2902-466a-ad94-d96b351c9fc2,"{""rootcause"": [{""@rid"": ""#-1:52cbb54f-1299-4451-bb60-36c89e6f9e57"", ""title"": ""RRU链路断"", ""location"": ""SubNetwork=5309,ManagedElement=831135,Equipment=1,Rack=53,SubRack=1,Slot=1,PlugInUnit=1,SdrDeviceGroup=1"", ""reason"": ""1. BBU和RRU之间或者上下级RRU之间的光纤故障。\n2. RRU光模块或上联的BBU光模块故障。\n3. RRU未供电。\n4. BBU接口单板故障。\n5. RRU故障。\n6. lr端口线速率配置错误。\n7. 单板硬件自检。""}, {""@rid"": ""#-1:37b6995c-f44d-4c21-bdcb-51dd4823178a"", ""title"": ""RRU链路断"", ""location"": ""SubNetwork=5309,ManagedElement=831135,Equipment=1,Rack=52,SubRack=1,Slot=1,PlugInUnit=1,SdrDeviceGroup=1"", ""reason"": ""1. BBU和RRU之间或者上下级RRU之间的光纤故障。\n2. RRU光模块或上联的BBU光模块故障。\n3. RRU未供电。\n4. BBU接口单板故障。\n5. RRU故障。\n6. lr端口线速率配置错误。\n7. 单板硬件自检。""}]}"
50b20112-cb8b-4ef6-ba49-d4320a25e0e7,"{""rootcause"": [{""@rid"": ""#-1:6d8dde23-c11b-44c6-86fe-cad3a5ffe81c"", ""title"": ""ETH_LOS"", ""location"": ""1-D3EM8F-7(LTE())-MAC:1"", ""reason"": ""(1)端口已使能但端口的网线或光纤没有连接好；\n(2)网线或光纤故障；\n(3)对端发送部分故障；\n(4)本端接收部分故障。\n(5)灰光光模块与彩光光模块对接，端口可能上ETH_LOS。\n(6)彩光光模块对接，配置不同波长。\n(7)对接端口的传输模式不一致或者FEC模式不一致。""}]}"
51d2ff1d-1bcb-41c7-ae33-83db088b2545,"{""rootcause"": [{""@rid"": ""#-1:16fa34c4-15d7-4e95-8ffe-dc7a4c51f6c3"", ""title"": ""RRU链路断"", ""location"": ""SubNetwork=1003,ManagedElement=507264,Equipment=1,Rack=52,SubRack=1,Slot=1,PlugInUnit=1,SdrDeviceGroup=1"", ""reason"": ""1. BBU和RRU之间或者上下级RRU之间的光纤故障。\n2. RRU光模块或上联的BBU光模块故障。\n3. RRU未供电。\n4. BBU接口单板故障。\n5. RRU故障。\n6. lr端口线速率配置错误。\n7. 单板硬件自检。""}]}"
51eb8a16-8058-46eb-952d-f2a88399b092,"{""rootcause"": [{""@rid"": ""#-1:5e6c8412-9a69-4f85-8526-7d1bf479db4a"", ""title"": ""RRU功率检测异常"", ""location"": ""sbn=2,NodeMe=459992,Equipment=1,rack=52,shelf=1,board=1"", ""reason"": ""1. RRU通道硬件故障。\n2. RRU版本问题。\n3. 光纤链路问题。\n4. BBU硬件异常或者版本问题。""}]}"
51edd15d-9e4f-481a-ba10-de54bf033b0e,"{""rootcause"": [{""@rid"": ""#-1:fd31379d-c4db-4969-9be6-97c004696124"", ""title"": ""射频单元交流掉电告警"", ""location"": ""柜号:0; 框号:111; 槽号:0; 类型:MRRU"", ""reason"": ""551""}, {""@rid"": ""#-1:d502d2d5-0da7-4473-9a3e-c069c0e04943"", ""title"": ""射频单元交流掉电告警"", ""location"": ""柜号:0; 框号:113; 槽号:0; 类型:MRRU"", ""reason"": ""551""}, {""@rid"": ""#-1:1361af77-70c8-453a-9aee-21de6be94a41"", ""title"": ""射频单元交流掉电告警"", ""location"": ""柜号:0; 框号:112; 槽号:0; 类型:MRRU"", ""reason"": ""551""}]}"
52a25ac0-47e1-4f5a-9ae0-93c1bfc9b90d,"{""rootcause"": [{""@rid"": ""#-1:250fdb6f-de70-48e4-8b51-ab3053a08773"", ""title"": ""RRU链路断"", ""location"": ""SubNetwork=1004,ManagedElement=1401149,Equipment=1,ReplaceableUnit=71"", ""reason"": ""RRU链路断""}]}"
52df1065-3f92-4e4e-b255-d2575f9bd8b1,"{""rootcause"": [{""@rid"": ""#-1:4adc788b-3616-4ca7-969d-02a092cc01df"", ""title"": ""RRU链路断"", ""location"": ""SubNetwork=1011,ManagedElement=102035,Equipment=1,Rack=53,SubRack=1,Slot=1,PlugInUnit=1,SdrDeviceGroup=1"", ""reason"": ""1. BBU和RRU之间或者上下级RRU之间的光纤故障。2. RRU光模块或上联的BBU光模块故障。3. RRU未供电。4. BBU接口单板故障。5. RRU故障。6. lr端口线速率配置错误。7. 单板硬件自检。""}]}"
532d7c54-633e-4fc2-a59f-a3d18df5d2be,"{""rootcause"": [{""@rid"": ""#-1:2d57d598-669a-425c-a7c2-6d4d51faabee"", ""title"": ""射频单元交流掉电告警"", ""location"": ""柜号:0; 框号:225; 槽号:0; 类型:MRRU"", ""reason"": ""551""}]}"
532deaa0-8d18-4f36-80b7-7a01ea290ce6,"{""rootcause"": [{""@rid"": ""#-1:3f675df7-dc76-48ea-b556-0b34b775c71a"", ""title"": ""射频单元直流掉电告警"", ""location"": ""柜号:0; 框号:112; 槽号:0; 类型:MRRU"", ""reason"": ""551""}, {""@rid"": ""#-1:2d2738c1-7cac-4ba3-8237-7d3235d785c2"", ""title"": ""射频单元直流掉电告警"", ""location"": ""柜号:0; 框号:111; 槽号:0; 类型:MRRU"", ""reason"": ""551""}, {""@rid"": ""#-1:0e218acc-6440-4a75-ac53-fbb67a2e4abc"", ""title"": ""射频单元直流掉电告警"", ""location"": ""柜号:0; 框号:113; 槽号:0; 类型:MRRU"", ""reason"": ""551""}]}"
5341cfe5-7677-4cfe-aa86-2347d2c3d88c,"{""rootcause"": [{""@rid"": ""#-1:573c2a46-41b4-4c68-8130-173e4e3d488f"", ""title"": ""输入电源断"", ""location"": ""SubNetwork=5306,ManagedElement=2647019,Equipment=1,ReplaceableUnit=53"", ""reason"": ""内部掉电""}]}"
53aa2dc8-1861-4faa-8d25-3847c8e392bb,"{""rootcause"": [{""@rid"": ""#-1:3cd51cc3-e934-4322-b218-d7986a228a0a"", ""title"": ""输入电源断"", ""location"": ""SubNetwork=1004,ManagedElement=1400898,Equipment=1,ReplaceableUnit=61"", ""reason"": ""外部掉电""}, {""@rid"": ""#-1:83d4eb97-c2b7-45a8-8df7-a8482b577066"", ""title"": ""输入电源断"", ""location"": ""SubNetwork=1004,ManagedElement=1400898,Equipment=1,ReplaceableUnit=63"", ""reason"": ""外部掉电""}]}"
54db046d-a9d5-4713-89c3-0888cbb6b60a,"{""rootcause"": [{""@rid"": ""#-1:d360b6d3-c083-428f-8e82-d038b8f8dded"", ""title"": ""射频单元业务不可用告警"", ""location"": ""eNodeB名称:1HLM; 本地:201; :TDD; 柜号:0; 框号:206; 槽号:0; NB-IoT:FALSE; eNodeB分:NULL; 名称:1HLM-201; eNodeB:92084; :201; :链路异常"", ""reason"": ""509""}]}"
5523ff85-e4ed-4c63-8e88-054e355e8c60,"{""rootcause"": [{""@rid"": ""#-1:904982e4-5b4f-438c-90b4-356a7d9a8985"", ""title"": ""光口接收链路故障"", ""location"": ""SubNetwork=1003,ManagedElement=355007,Equipment=1,Rack=61,SubRack=1,Slot=1,PlugInUnit=1,SdrDeviceGroup=1,FiberDeviceSet=1,FiberDevice=1"", ""reason"": ""1. 光纤/电缆损坏；\n2. 光纤/电缆端面污染；\n3. 本端或对端光/电模块或光纤/电缆没插好；\n4. 对端设备的光/电模块损坏；\n5. 光纤实际长度大于光模块支持的长度；\n6. 本端、对端的光模块速率不匹配；\n7. 对端设备工作异常。""}]}"
55440080-bfe6-4e1d-ab80-1d578feec6a4,"{""rootcause"": [{""@rid"": ""#-1:ef2ac391-ab7d-4636-a8a8-0a36a574be4e"", ""title"": ""输入电源断"", ""location"": ""SubNetwork=CMCC-GZ-04,ManagedElement=12586726,Equipment=1,ReplaceableUnit=A_1"", ""reason"": ""外部掉电""}, {""@rid"": ""#-1:b05c82e3-23b3-42f5-a2b9-08a63cb942fb"", ""title"": ""输入电源断"", ""location"": ""SubNetwork=CMCC-GZ-04,ManagedElement=12586726,Equipment=1,ReplaceableUnit=A_2"", ""reason"": ""外部掉电""}]}"
559b4ff0-ab0b-4bb3-beea-fd8180385098,"{""rootcause"": [{""@rid"": ""#-1:4ac35eda-0820-485a-bcc6-d6c1b9ac1ba1"", ""title"": ""RRU链路断"", ""location"": ""SubNetwork=1004,ManagedElement=1389661,Equipment=1,ReplaceableUnit=83"", ""reason"": ""RRU链路断""}]}"
564d3099-bc58-47b0-849e-74261b183a85,"{""rootcause"": [{""@rid"": ""#-1:8a9bdaae-8c6b-437a-8b52-31c235933d56"", ""title"": ""射频单元驻波告警"", ""location"": ""柜号:0; 框号:90; 槽号:0; :1; 类型:MRRU; 告警(0.1):20; (0.1):21; 输出(0.1dBm):374; 端口:NULL"", ""reason"": ""516""}]}"
56bd4bd6-4a3c-4bec-aab6-aea2d3370399,"{""rootcause"": [{""@rid"": ""#-1:d77df59f-8968-435c-a275-c86de21c07af"", ""title"": ""输入电源断"", ""location"": ""SubNetwork=1004,ManagedElement=1436210,Equipment=1,ReplaceableUnit=72"", ""reason"": ""输入电源断""}, {""@rid"": ""#-1:77b534bf-2325-48e5-a4f2-b40eae05f559"", ""title"": ""输入电源断"", ""location"": ""SubNetwork=1004,ManagedElement=1436210,Equipment=1,ReplaceableUnit=71"", ""reason"": ""输入电源断""}, {""@rid"": ""#-1:49ea0e00-8e60-4865-9f62-5028eff1c18a"", ""title"": ""输入电源断"", ""location"": ""SubNetwork=1004,ManagedElement=1436210,Equipment=1,ReplaceableUnit=73"", ""reason"": ""输入电源断""}]}"
57274520-1025-41a1-ba18-9d8c61a67fbb,"{""rootcause"": [{""@rid"": ""#-1:0bcc6eea-90a7-4876-bf28-857ecabb145b"", ""title"": ""设备掉电"", ""location"": ""SubNetwork=5300,ManagedElement=595764,Equipment=1,Rack=61,SubRack=1,Slot=1,PlugInUnit=1,SdrDeviceGroup=1"", ""reason"": ""1. 市电异常。\n2. 外部供电设备故障。""}, {""@rid"": ""#-1:e983b6f1-7d9d-445f-931c-e234da539205"", ""title"": ""设备掉电"", ""location"": ""SubNetwork=5300,ManagedElement=595764,Equipment=1,Rack=60,SubRack=1,Slot=1,PlugInUnit=1,SdrDeviceGroup=1"", ""reason"": ""1. 市电异常。\n2. 外部供电设备故障。""}]}"
58fb18c6-070b-4d74-8ec2-d68f1e71d01d,"{""rootcause"": [{""@rid"": ""#-1:8c888be5-96e8-4faf-8daa-746af6263787"", ""title"": ""射频单元驻波告警"", ""location"": ""柜号:0; 框号:200; 槽号:0; :0; 类型:MRRU; 告警(0.1):20; (0.1):20; 输出(0.1dBm):260; 端口:NULL"", ""reason"": ""516""}]}"
599a8ce2-c4f0-453c-b951-105fb1067e7e,"{""rootcause"": [{""@rid"": ""#-1:41505623-2123-4cb5-833a-a931c31d946a"", ""title"": ""BBU CPRI接口异常告警"", ""location"": ""柜号:0; 框号:0; 槽号:4; 端口号:2; 端口号:0; 类型:UBBP; :CPRI接口异常"", ""reason"": ""567""}]}"
59a31b23-daa6-4bed-a525-04a5943c5367,"{""rootcause"": [{""@rid"": ""#-1:19665a28-aa71-4536-9580-98c2ea5fed38"", ""title"": ""射频单元CPRI接口异常告警"", ""location"": ""柜号:0; 框号:151; 槽号:0; 端口号:端口0; 端口号:0; 类型:AIRU; :链路故障"", ""reason"": ""566""}]}"
59bebcbf-a8b3-48f0-befa-b7557abb7e9e,"{""rootcause"": [{""@rid"": ""#-1:8f734e34-8407-4356-a8ac-997da98c09d4"", ""title"": ""设备掉电"", ""location"": ""SubNetwork=5301,ManagedElement=832316,Equipment=1,Rack=53,SubRack=1,Slot=1,PlugInUnit=1,SdrDeviceGroup=1"", ""reason"": ""1. 市电异常。\n2. 外部供电设备故障。""}, {""@rid"": ""#-1:08ef7aac-c84a-4996-bc9b-5695afb84a77"", ""title"": ""RRU链路断"", ""location"": ""SubNetwork=5301,ManagedElement=832316,Equipment=1,Rack=51,SubRack=1,Slot=1,PlugInUnit=1,SdrDeviceGroup=1"", ""reason"": ""1. BBU和RRU之间或者上下级RRU之间的光纤故障。\n2. RRU光模块或上联的BBU光模块故障。\n3. RRU未供电。\n4. BBU接口单板故障。\n5. RRU故障。\n6. lr端口线速率配置错误。\n7. 单板硬件自检。""}, {""@rid"": ""#-1:f00ab6cf-2ca5-424e-9aab-29bc3b491ecd"", ""title"": ""RRU链路断"", ""location"": ""SubNetwork=5301,ManagedElement=832316,Equipment=1,Rack=52,SubRack=1,Slot=1,PlugInUnit=1,SdrDeviceGroup=1"", ""reason"": ""1. BBU和RRU之间或者上下级RRU之间的光纤故障。\n2. RRU光模块或上联的BBU光模块故障。\n3. RRU未供电。\n4. BBU接口单板故障。\n5. RRU故障。\n6. lr端口线速率配置错误。\n7. 单板硬件自检。""}]}"
5a4a0e0d-a626-4599-b853-8d4c1fb84adb,"{""rootcause"": [{""@rid"": ""#-1:036d539f-74c4-45f2-84a0-0c672569d5b8"", ""title"": ""射频单元直流掉电告警"", ""location"": ""柜号:0; 框号:152; 槽号:0; 类型:AIRU"", ""reason"": ""551""}]}"
5aa15346-c717-441f-8cb7-08e3b4b7b827,"{""rootcause"": [{""@rid"": ""#-1:d0238ee2-173a-4d3e-bebf-f371da2ed633"", ""title"": ""单板不在位"", ""location"": ""SubNetwork=1003,ManagedElement=491539,Equipment=1,Rack=1,SubRack=1,Slot=12,PlugInUnit=1,SdrDeviceGroup=1"", ""reason"": ""1. OMC有配置的槽位，但实际没有插单板。\n2. OMC有配置的槽位，但单板没有插紧。\n3. OMC有配置的槽位，但接插件物理损坏。""}]}"
5b2934e0-b8fd-4f39-9287-15c201fd4c08,"{""rootcause"": [{""@rid"": ""#-1:5a10d833-3817-49fd-a3ad-0af7032d5a21"", ""title"": ""网元连接中断"", ""location"": ""网元名称:74-H5W; 网元IP地址:10.252.29.98; 网元IP地址(IP Mode):NULL; 端口:6007; 错误:N/A; 信息:端口时; 分:MediationService5309; OMC IP:10.224.27.31"", ""reason"": ""718""}, {""@rid"": ""#-1:a6ed7286-b4e4-4d08-8a3c-cb4f06e65eb6"", ""title"": ""网元连接中断"", ""location"": ""网元名称:71-H5M; 网元IP地址:10.252.29.182; 网元IP地址(IP Mode):NULL; 端口:6007; 错误:N/A; 信息:端口时; 分:MediationService5809; OMC IP:10.224.27.36"", ""reason"": ""718""}, {""@rid"": ""#-1:05d4f9e8-75d9-435e-b3dc-0773e8437b17"", ""title"": ""网元连接中断"", ""location"": ""网元名称:4G72HS; 网元IP地址:100.93.41.207; 网元IP地址(IP Mode):NULL; 端口:6007; 错误:N/A; 信息:端口时; 分:MediationService5809; OMC IP:10.224.27.36"", ""reason"": ""718""}, {""@rid"": ""#-1:1f58a96f-813a-4502-9f19-db04b5416d3b"", ""title"": ""网元连接中断"", ""location"": ""网元名称:73-H5W; 网元IP地址:10.252.29.94; 网元IP地址(IP Mode):NULL; 端口:6007; 错误:N/A; 信息:端口时; 分:MediationService5509; OMC IP:10.224.27.33"", ""reason"": ""718""}, {""@rid"": ""#-1:2bc2d18e-9d51-4386-b809-26e338f1e702"", ""title"": ""网元连接中断"", ""location"": ""网元名称:72-H5M; 网元IP地址:10.252.29.186; 网元IP地址(IP Mode):NULL; 端口:6007; 错误:N/A; 信息:端口时; 分:MediationService5409; OMC IP:10.224.27.32"", ""reason"": ""718""}, {""@rid"": ""#-1:0113b72d-92c8-4bf1-afa9-e118a7ba729b"", ""title"": ""网元连接中断"", ""location"": ""网元名称:4G74HS; 网元IP地址:100.93.41.209; 网元IP地址(IP Mode):NULL; 端口:6007; 错误:N/A; 信息:端口时; 分:MediationService5809; OMC IP:10.224.27.36"", ""reason"": ""718""}, {""@rid"": ""#-1:695f2721-c73d-4b53-bae4-5825d5814aac"", ""title"": ""网元连接中断"", ""location"": ""网元名称:4G71HS; 网元IP地址:100.93.41.206; 网元IP地址(IP Mode):NULL; 端口:6007; 错误:N/A; 信息:端口时; 分:MediationService5709; OMC IP:10.224.27.35"", ""reason"": ""718""}, {""@rid"": ""#-1:ce2058ba-e040-4db7-8ec3-d790adbc0695"", ""title"": ""网元连接中断"", ""location"": ""网元名称:4G75HS; 网元IP地址:100.93.41.210; 网元IP地址(IP Mode):NULL; 端口:6007; 错误:N/A; 信息:端口时; 分:MediationService5309; OMC IP:10.224.27.31"", ""reason"": ""718""}]}"
5c171476-d835-47fd-8b5d-fe6548e84ea4,"{""rootcause"": [{""@rid"": ""#-1:a6034d7c-ad61-4d47-a1c4-015707504ce8"", ""title"": ""射频单元CPRI接口异常告警"", ""location"": ""柜号:0; 框号:200; 槽号:0; 端口号:端口1; 端口号:NULL; 类型:MRRU; :"", ""reason"": ""566""}]}"
5d152a6f-dae1-4eff-9338-57120576d6ae,"{""rootcause"": [{""@rid"": ""#-1:22913537-7bfd-4a06-a270-6e6022eeaf9a"", ""title"": ""输入电源断"", ""location"": ""SubNetwork=1004,ManagedElement=1395188,Equipment=1,ReplaceableUnit=62"", ""reason"": ""外部掉电""}, {""@rid"": ""#-1:e177d4ef-c00a-442c-955e-eab0e552f062"", ""title"": ""输入电源断"", ""location"": ""SubNetwork=1004,ManagedElement=1395188,Equipment=1,ReplaceableUnit=63"", ""reason"": ""外部掉电""}, {""@rid"": ""#-1:390b66b5-f0e2-4046-8381-b3e48964a243"", ""title"": ""输入电源断"", ""location"": ""SubNetwork=1004,ManagedElement=1395188,Equipment=1,ReplaceableUnit=61"", ""reason"": ""外部掉电""}]}"
5d372878-06b4-49d2-bfbb-099457fb694a,"{""rootcause"": [{""@rid"": ""#-1:b67eba9b-44d2-4887-896c-5da1a6eaadfa"", ""title"": ""光模块接收光功率异常"", ""location"": ""SubNetwork=1003,ManagedElement=41394,Equipment=1,Rack=57,SubRack=1,Slot=1,PlugInUnit=1,SdrDeviceGroup=1,FiberDeviceSet=1,FiberDevice=1"", ""reason"": ""1. 光纤损坏。\n2. 光模块老化。\n3. 光纤实际长度大于光模块支持的长度。""}, {""@rid"": ""#-1:3fc9bbae-b58b-4651-adde-07e522ff4af0"", ""title"": ""RRU链路断"", ""location"": ""SubNetwork=1003,ManagedElement=41394,Equipment=1,Rack=57,SubRack=1,Slot=1,PlugInUnit=1,SdrDeviceGroup=1"", ""reason"": ""1. BBU和RRU之间或者上下级RRU之间的光纤故障。\n2. RRU光模块或上联的BBU光模块故障。\n3. RRU未供电。\n4. BBU接口单板故障。\n5. RRU故障。\n6. lr端口线速率配置错误。\n7. 单板硬件自检。""}]}"
5de2ca5d-43b5-40f7-9278-b9f9d532fa52,"{""rootcause"": [{""@rid"": ""#-1:f461a88f-3ec5-49c6-b293-6dbfc748c9a1"", ""title"": ""RRU链路断"", ""location"": ""SubNetwork=5303,ManagedElement=374177,Equipment=1,Rack=55,SubRack=1,Slot=1,PlugInUnit=1,SdrDeviceGroup=1"", ""reason"": ""1. BBU和RRU之间或者上下级RRU之间的光纤故障。\n2. RRU光模块或上联的BBU光模块故障。\n3. RRU未供电。\n4. BBU接口单板故障。\n5. RRU故障。\n6. lr端口线速率配置错误。\n7. 单板硬件自检。""}]}"
5e6e4a4b-969f-420a-93f4-1a492a75f0f9,"{""rootcause"": [{""@rid"": ""#-1:6b818cdd-abd3-4b6d-b417-0b8db4e3279a"", ""title"": ""BBU CPRI接口异常告警"", ""location"": ""柜号:0; 框号:0; 槽号:3; 端口号:4; 端口号:0; 类型:UBBP; :"", ""reason"": ""567""}, {""@rid"": ""#-1:2845fe69-a0c3-472d-9116-e97c36d2c692"", ""title"": ""射频单元CPRI接口异常告警"", ""location"": ""柜号:0; 框号:112; 槽号:0; 端口号:端口0; 端口号:NULL; 类型:MRRU; :CPRI接口异常"", ""reason"": ""566""}]}"
5efa8b7c-d30d-46a7-ae55-6bab3baf19cf,"{""rootcause"": [{""@rid"": ""#-1:3638eba9-d21b-410a-88ee-c4a0adc727f2"", ""title"": ""射频单元CPRI接口异常告警"", ""location"": ""柜号:0; 框号:202; 槽号:0; 端口号:端口0; 端口号:NULL; 类型:MRRU; :CPRI接口异常"", ""reason"": ""566""}]}"
5f08d679-bd5b-4388-95a1-004d39761ce3,"{""rootcause"": [{""@rid"": ""#-1:0e64963b-4068-40bd-9188-1a0d40c5467e"", ""title"": ""射频单元交流掉电告警"", ""location"": ""柜号:0; 框号:208; 槽号:0; 类型:MRRU"", ""reason"": ""551""}]}"
5f0b3c7f-806d-4622-a671-5d23ee09c827,"{""rootcause"": [{""@rid"": ""#-1:ef8540aa-69cf-4cc8-840f-099bdd60afd6"", ""title"": ""RRU链路断"", ""location"": ""SubNetwork=5302,ManagedElement=374078,Equipment=1,Rack=53,SubRack=1,Slot=1,PlugInUnit=1,SdrDeviceGroup=1"", ""reason"": ""1. BBU和RRU之间或者上下级RRU之间的光纤故障。\n2. RRU光模块或上联的BBU光模块故障。\n3. RRU未供电。\n4. BBU接口单板故障。\n5. RRU故障。\n6. lr端口线速率配置错误。\n7. 单板硬件自检。""}, {""@rid"": ""#-1:2a0b69d3-858a-49e0-9b6a-e1cf21eb55bb"", ""title"": ""RRU链路断"", ""location"": ""SubNetwork=5302,ManagedElement=374078,Equipment=1,Rack=55,SubRack=1,Slot=1,PlugInUnit=1,SdrDeviceGroup=1"", ""reason"": ""1. BBU和RRU之间或者上下级RRU之间的光纤故障。\n2. RRU光模块或上联的BBU光模块故障。\n3. RRU未供电。\n4. BBU接口单板故障。\n5. RRU故障。\n6. lr端口线速率配置错误。\n7. 单板硬件自检。""}]}"
5f31acb6-cb86-4488-af6a-f6d2d4d3a4d9,"{""rootcause"": [{""@rid"": ""#-1:282f30e5-e13d-4d58-8bca-2a12660c7168"", ""title"": ""输入电压异常"", ""location"": ""SubNetwork=1002,ManagedElement=82367,Equipment=1,Rack=1,SubRack=1,Slot=17,PlugInUnit=1,SdrDeviceGroup=1"", ""reason"": ""过压：外部电源系统的输入电压超过高门限。\n欠压：外部电源系统的输入电压低于低门限，可能原因包括：市电供电不够，空开容量不够，电源线线径不够，电源线过长等。\n掉电：外部电源系统的输入电压中断。\n供电能力不足：外部电源柜或者蓄电池带载能力不足，欠压导致定标失败，上报供电能力不足。可能原因包括市电供电不够，空开容量不够，电源线线径不够，电源线过长等。""}, {""@rid"": ""#-1:4bc7a677-2371-4b87-906a-85155eca4496"", ""title"": ""单板处于初始化状态"", ""location"": ""SubNetwork=1002,ManagedElement=82367,Equipment=1,Rack=1,SubRack=1,Slot=15,PlugInUnit=1,SdrDeviceGroup=1"", ""reason"": ""1. 用户执行复位单板命令。\n2. 单板上电自启动。\n3. 软件异常导致单板自动复位。""}, {""@rid"": ""#-1:fdd7bddb-e7cc-4a6f-8246-0c2cf89a221e"", ""title"": ""单板电源关断"", ""location"": ""SubNetwork=1002,ManagedElement=82367,Equipment=1,Rack=1,SubRack=1,Slot=3,PlugInUnit=1,SdrDeviceGroup=1"", ""reason"": ""1. 单板过温。\n2. 单板过流。\n3. OMC发起关断。\n4. 软件异常关电。""}, {""@rid"": ""#-1:98253ab3-be74-4530-a161-aa4625fc725c"", ""title"": ""单板电源关断"", ""location"": ""SubNetwork=1002,ManagedElement=82367,Equipment=1,Rack=1,SubRack=1,Slot=12,PlugInUnit=1,SdrDeviceGroup=1"", ""reason"": ""1. 单板过温。\n2. 单板过流。\n3. OMC发起关断。\n4. 软件异常关电。""}]}"
607eb58a-5e7b-4467-a1ea-ebaca1b23251,"{""rootcause"": [{""@rid"": ""#-1:f3aa4c25-7da8-4661-8fa0-105aaf67ce1a"", ""title"": ""RRU功率检测异常"", ""location"": ""sbn=7311,NodeMe=473840,Equipment=1,rack=66,shelf=1,board=1"", ""reason"": ""1. RRU通道硬件故障。\n2. RRU版本问题。\n3. 光纤链路问题。\n4. BBU硬件异常或者版本问题。""}]}"
60a47f44-2a5b-418c-ad59-acd8572bd02b,"{""rootcause"": [{""@rid"": ""#-1:a6a13662-76d8-4b4d-97b8-41c961e624b7"", ""title"": ""输入电源断"", ""location"": ""SubNetwork=1004,ManagedElement=1390998,Equipment=1,ReplaceableUnit=62"", ""reason"": ""外部掉电""}, {""@rid"": ""#-1:be8fad81-0990-444e-9747-298237829870"", ""title"": ""输入电源断"", ""location"": ""SubNetwork=1004,ManagedElement=1390998,Equipment=1,ReplaceableUnit=61"", ""reason"": ""外部掉电""}, {""@rid"": ""#-1:e53ce124-c9fa-4e79-8210-f369a1011f56"", ""title"": ""输入电源断"", ""location"": ""SubNetwork=1004,ManagedElement=1390998,Equipment=1,ReplaceableUnit=63"", ""reason"": ""外部掉电""}]}"
61b314bc-e57b-494c-b1f0-24ec0a347f17,"{""rootcause"": [{""@rid"": ""#-1:7ddeb41c-9a52-4da4-803d-63e3747c637e"", ""title"": ""输入电压异常"", ""location"": ""SubNetwork=1003,ManagedElement=71449,Equipment=1,Rack=1,SubRack=1,Slot=17,PlugInUnit=1,SdrDeviceGroup=1"", ""reason"": ""过压：外部电源系统的输入电压超过高门限。\n欠压：外部电源系统的输入电压低于低门限，可能原因包括：市电供电不够，空开容量不够，电源线线径不够，电源线过长等。\n掉电：外部电源系统的输入电压中断。\n供电能力不足：外部电源柜或者蓄电池带载能力不足，欠压导致定标失败，上报供电能力不足。可能原因包括市电供电不够，空开容量不够，电源线线径不够，电源线过长等。""}, {""@rid"": ""#-1:0342265a-97b5-4d10-ad3a-02fd9a9d6139"", ""title"": ""输入电压异常"", ""location"": ""SubNetwork=1003,ManagedElement=71449,Equipment=1,Rack=1,SubRack=1,Slot=16,PlugInUnit=1,SdrDeviceGroup=1"", ""reason"": ""过压：外部电源系统的输入电压超过高门限。\n欠压：外部电源系统的输入电压低于低门限，可能原因包括：市电供电不够，空开容量不够，电源线线径不够，电源线过长等。\n掉电：外部电源系统的输入电压中断。\n供电能力不足：外部电源柜或者蓄电池带载能力不足，欠压导致定标失败，上报供电能力不足。可能原因包括市电供电不够，空开容量不够，电源线线径不够，电源线过长等。""}, {""@rid"": ""#-1:7051dcfa-0ae4-4a0a-87d7-ea7474d33f72"", ""title"": ""输入电压异常"", ""location"": ""SubNetwork=1003,ManagedElement=45194,Equipment=1,Rack=1,SubRack=1,Slot=16,PlugInUnit=1,SdrDeviceGroup=1"", ""reason"": ""过压：外部电源系统的输入电压超过高门限。\n欠压：外部电源系统的输入电压低于低门限，可能原因包括：市电供电不够，空开容量不够，电源线线径不够，电源线过长等。\n掉电：外部电源系统的输入电压中断。\n供电能力不足：外部电源柜或者蓄电池带载能力不足，欠压导致定标失败，上报供电能力不足。可能原因包括市电供电不够，空开容量不够，电源线线径不够，电源线过长等。""}, {""@rid"": ""#-1:3edd2716-91d4-4ba2-8017-45cb7c3dfe28"", ""title"": ""输入电压异常"", ""location"": ""SubNetwork=1003,ManagedElement=45194,Equipment=1,Rack=1,SubRack=1"", ""reason"": ""过压：外部电源系统的输入电压超过高门限。\n欠压：外部电源系统的输入电压低于低门限，可能原因包括：市电供电不够，空开容量不够，电源线线径不够，电源线过长等。\n掉电：外部电源系统的输入电压中断。\n供电能力不足：外部电源柜或者蓄电池带载能力不足，欠压导致定标失败，上报供电能力不足。可能原因包括市电供电不够，空开容量不够，电源线线径不够，电源线过长等。""}]}"
625ffce7-65c5-4657-9104-4148b4113130,"{""rootcause"": [{""@rid"": ""#-1:97a4fe9c-b405-4187-ae9f-24cbb5fa9d64"", ""title"": ""输入电源断"", ""location"": ""SubNetwork=5305,ManagedElement=2561769,Equipment=1,ReplaceableUnit=53"", ""reason"": ""外部掉电""}, {""@rid"": ""#-1:a54c0425-6247-4f1f-87b1-147e73ff5255"", ""title"": ""输入电源断"", ""location"": ""SubNetwork=5305,ManagedElement=2561769,Equipment=1,ReplaceableUnit=52"", ""reason"": ""外部掉电""}, {""@rid"": ""#-1:05a9320e-1492-477f-a9e4-2c6d879fbd49"", ""title"": ""输入电源断"", ""location"": ""SubNetwork=5305,ManagedElement=2561775,Equipment=1,ReplaceableUnit=56"", ""reason"": ""外部掉电""}, {""@rid"": ""#-1:79657cf6-720b-4c38-96e2-9f2689b10071"", ""title"": ""输入电源断"", ""location"": ""SubNetwork=5305,ManagedElement=2561775,Equipment=1,ReplaceableUnit=54"", ""reason"": ""外部掉电""}, {""@rid"": ""#-1:766a8ee0-a46f-460f-a02d-6314e6cc1071"", ""title"": ""输入电源断"", ""location"": ""SubNetwork=5305,ManagedElement=2561775,Equipment=1,ReplaceableUnit=55"", ""reason"": ""外部掉电""}, {""@rid"": ""#-1:a2c5a181-0370-473b-972e-d0f5d0628d74"", ""title"": ""设备掉电"", ""location"": ""SubNetwork=5302,ManagedElement=832986,Equipment=1,Rack=55,SubRack=1,Slot=1,PlugInUnit=1,SdrDeviceGroup=1"", ""reason"": ""1. 市电异常。\n2. 外部供电设备故障。""}, {""@rid"": ""#-1:9dbca98a-9929-421b-806d-644e232bb68f"", ""title"": ""设备掉电"", ""location"": ""SubNetwork=5302,ManagedElement=832986,Equipment=1,Rack=56,SubRack=1,Slot=1,PlugInUnit=1,SdrDeviceGroup=1"", ""reason"": ""1. 市电异常。\n2. 外部供电设备故障。""}]}"
63780a6a-e67d-4943-8847-83b824dd810d,"{""rootcause"": [{""@rid"": ""#-1:0467f36d-afc3-41ae-b87c-3c73624b861e"", ""title"": ""输入电源断"", ""location"": ""SubNetwork=1004,ManagedElement=1430463,Equipment=1,ReplaceableUnit=71"", ""reason"": ""输入电源断""}, {""@rid"": ""#-1:e2926105-30e5-4188-aaf5-b4521bace803"", ""title"": ""输入电源断"", ""location"": ""SubNetwork=1004,ManagedElement=1430463,Equipment=1,ReplaceableUnit=73"", ""reason"": ""输入电源断""}, {""@rid"": ""#-1:f9479a5b-585a-4787-84c5-46377c927707"", ""title"": ""输入电源断"", ""location"": ""SubNetwork=1004,ManagedElement=1430463,Equipment=1,ReplaceableUnit=72"", ""reason"": ""输入电源断""}]}"
6424a0d8-3807-4527-83d8-c5a817146c5d,"{""rootcause"": [{""@rid"": ""#-1:d53b484e-d301-4a54-b995-403aac1bd4b0"", ""title"": ""单板输入时钟异常"", ""location"": ""SubNetwork=1004,ManagedElement=1390821,Equipment=1,ReplaceableUnit=VBP_1_3"", ""reason"": ""输入系统时钟（板间信号接触异常）""}]}"
642867e7-9bf1-4702-8d81-b8097c7cd38c,"{""rootcause"": [{""@rid"": ""#-1:d7fb53bb-2724-49ae-bb01-963d3a6d0e83"", ""title"": ""射频单元IR接口异常告警"", ""location"": ""柜号:0; 框号:212; 槽号:0; 端口号:端口0; 类型:MRRU; :IR接口异常"", ""reason"": ""69""}]}"
6436d7ab-5492-4bad-8403-ed871c604057,"{""rootcause"": [{""@rid"": ""#-1:93893e45-bf16-49f7-8a3d-61da6be39abf"", ""title"": ""射频单元直流掉电告警"", ""location"": ""柜号:0; 框号:64; 槽号:0; 类型:MRRU"", ""reason"": ""551""}]}"
645626f5-429a-4c7a-aa2f-3bb47dfdb08f,"{""rootcause"": [{""@rid"": ""#-1:1b7ac6dc-8f45-4373-b5a0-933111044ba0"", ""title"": ""输入电源断"", ""location"": ""SubNetwork=1004,ManagedElement=1398907,Equipment=1,ReplaceableUnit=61"", ""reason"": ""外部掉电""}]}"
65ad6ca0-4d9f-46c3-9423-24429c84a424,"{""rootcause"": [{""@rid"": ""#-1:7422787a-24cc-4d5e-a9b4-7229f6162f29"", ""title"": ""设备掉电"", ""location"": ""SubNetwork=5302,ManagedElement=802014,Equipment=1,Rack=71,SubRack=1,Slot=1,PlugInUnit=1,SdrDeviceGroup=1"", ""reason"": ""1. 市电异常。\n2. 外部供电设备故障。""}]}"
6600d905-9faf-4ee3-8d44-223e9bc4dfdb,"{""rootcause"": [{""@rid"": ""#-1:f38934ea-7530-401b-b354-bde0e9a2de71"", ""title"": ""射频单元ALD开关配置不匹配告警"", ""location"": ""柜号:0; 框号:201; 槽号:0; 端口号:RET; 类型:MRRU; :类型; 配置类型:; 类型:"", ""reason"": ""307""}]}"
6642cbb1-ec65-48e1-9ec3-6d68bb98e59f,"{""rootcause"": [{""@rid"": ""#-1:d92cd501-c86e-4ebe-8548-ed8c2f03163e"", ""title"": ""光口链路故障"", ""location"": ""SubNetwork=1004,ManagedElement=1390908,Equipment=1,ReplaceableUnit=VBP_1_8,RiPort=OF1"", ""reason"": ""光口链路故障""}, {""@rid"": ""#-1:5460ec48-795d-439a-a29d-f4017ab92e61"", ""title"": ""光口链路故障"", ""location"": ""SubNetwork=1004,ManagedElement=1390908,Equipment=1,ReplaceableUnit=VBP_1_6,RiPort=OF1"", ""reason"": ""光口链路故障""}]}"
667cfaed-a0b8-420b-957b-d498acf28857,"{""rootcause"": [{""@rid"": ""#-1:a31dc40b-3101-4598-b07c-6a91e65552a8"", ""title"": ""网元连接中断"", ""location"": ""网元名称:HLM; 网元IP地址:100.92.44.200; 网元IP地址(IP Mode):NULL; 端口:6007; 错误:N/A; 信息:端口时; 分:MediationService5308; OMC IP:10.224.27.31"", ""reason"": ""718""}]}"
66ee1170-8f45-43ec-a392-426aaac31f7b,"{""rootcause"": [{""@rid"": ""#-1:f0ab7f62-c838-4df4-99b1-ed6306aae04a"", ""title"": ""BBU IR接口异常告警"", ""location"": ""柜号:0; 框号:0; 槽号:2; 端口号:4; 端口号:0; 类型:UBBP; :"", ""reason"": ""567""}]}"
66f5286d-82fd-4f9d-99d9-30517830b9ea,"{""rootcause"": [{""@rid"": ""#-1:4df8dfbf-a747-4cbf-af9b-20410f32660a"", ""title"": ""RRU链路断"", ""location"": ""SubNetwork=1004,ManagedElement=1404659,Equipment=1,ReplaceableUnit=74"", ""reason"": ""RRU链路断""}]}"
67463e7c-93f7-4c08-b65f-9bc879ec80a6,"{""rootcause"": [{""@rid"": ""#-1:fa84089c-3389-4c83-8b8b-266fc23b4c84"", ""title"": ""设备掉电"", ""location"": ""SubNetwork=5309,ManagedElement=832953,Equipment=1,Rack=55,SubRack=1,Slot=1,PlugInUnit=1,SdrDeviceGroup=1"", ""reason"": ""1. 市电异常。\n2. 外部供电设备故障。""}, {""@rid"": ""#-1:557729e6-141c-476b-a44b-fe5179ad361a"", ""title"": ""设备掉电"", ""location"": ""SubNetwork=5309,ManagedElement=832953,Equipment=1,Rack=56,SubRack=1,Slot=1,PlugInUnit=1,SdrDeviceGroup=1"", ""reason"": ""1. 市电异常。\n2. 外部供电设备故障。""}, {""@rid"": ""#-1:2d326412-5246-48b3-a4b7-fcab472fd1dc"", ""title"": ""设备掉电"", ""location"": ""SubNetwork=5309,ManagedElement=832953,Equipment=1,Rack=54,SubRack=1,Slot=1,PlugInUnit=1,SdrDeviceGroup=1"", ""reason"": ""1. 市电异常。\n2. 外部供电设备故障。""}]}"
695a226f-09b0-4dd3-bd89-34a85f6244f4,"{""rootcause"": [{""@rid"": ""#-1:8573c882-bb18-4b11-beed-972d6a2de10a"", ""title"": ""射频单元交流掉电告警"", ""location"": ""柜号:0; 框号:61; 槽号:0; 类型:MRRU"", ""reason"": ""551""}]}"
69a3a452-8984-4c9a-baed-99c8ae6ac3a2,"{""rootcause"": [{""@rid"": ""#-1:f5a6f67f-9051-4eb6-b365-019f32f817fc"", ""title"": ""RRU链路断"", ""location"": ""SubNetwork=5304,ManagedElement=802437,Equipment=1,Rack=58,SubRack=1,Slot=1,PlugInUnit=1,SdrDeviceGroup=1"", ""reason"": ""1. BBU和RRU之间或者上下级RRU之间的光纤故障。\n2. RRU光模块或上联的BBU光模块故障。\n3. RRU未供电。\n4. BBU接口单板故障。\n5. RRU故障。\n6. lr端口线速率配置错误。\n7. 单板硬件自检。""}, {""@rid"": ""#-1:e0e60416-ef40-47c3-be40-0cb0f3678c67"", ""title"": ""RRU链路断"", ""location"": ""SubNetwork=5304,ManagedElement=802437,Equipment=1,Rack=59,SubRack=1,Slot=1,PlugInUnit=1,SdrDeviceGroup=1"", ""reason"": ""1. BBU和RRU之间或者上下级RRU之间的光纤故障。\n2. RRU光模块或上联的BBU光模块故障。\n3. RRU未供电。\n4. BBU接口单板故障。\n5. RRU故障。\n6. lr端口线速率配置错误。\n7. 单板硬件自检。""}, {""@rid"": ""#-1:ec803359-4b01-41ad-ab70-88ff1baabf40"", ""title"": ""RRU链路断"", ""location"": ""SubNetwork=5304,ManagedElement=802437,Equipment=1,Rack=57,SubRack=1,Slot=1,PlugInUnit=1,SdrDeviceGroup=1"", ""reason"": ""1. BBU和RRU之间或者上下级RRU之间的光纤故障。\n2. RRU光模块或上联的BBU光模块故障。\n3. RRU未供电。\n4. BBU接口单板故障。\n5. RRU故障。\n6. lr端口线速率配置错误。\n7. 单板硬件自检。""}, {""@rid"": ""#-1:61810171-2ee7-4540-a28d-47eef731a02c"", ""title"": ""RRU链路断"", ""location"": ""SubNetwork=5304,ManagedElement=177646,Equipment=1,Rack=55,SubRack=1,Slot=1,PlugInUnit=1,SdrDeviceGroup=1"", ""reason"": ""1. BBU和RRU之间或者上下级RRU之间的光纤故障。\n2. RRU光模块或上联的BBU光模块故障。\n3. RRU未供电。\n4. BBU接口单板故障。\n5. RRU故障。\n6. lr端口线速率配置错误。\n7. 单板硬件自检。""}, {""@rid"": ""#-1:921d25d3-46eb-463f-8b6a-c8ebb1623bb0"", ""title"": ""RRU链路断"", ""location"": ""SubNetwork=5304,ManagedElement=177646,Equipment=1,Rack=56,SubRack=1,Slot=1,PlugInUnit=1,SdrDeviceGroup=1"", ""reason"": ""1. BBU和RRU之间或者上下级RRU之间的光纤故障。\n2. RRU光模块或上联的BBU光模块故障。\n3. RRU未供电。\n4. BBU接口单板故障。\n5. RRU故障。\n6. lr端口线速率配置错误。\n7. 单板硬件自检。""}, {""@rid"": ""#-1:0a690c22-2a5b-4c15-8229-f5eea0885b8f"", ""title"": ""RRU链路断"", ""location"": ""SubNetwork=5304,ManagedElement=177646,Equipment=1,Rack=54,SubRack=1,Slot=1,PlugInUnit=1,SdrDeviceGroup=1"", ""reason"": ""1. BBU和RRU之间或者上下级RRU之间的光纤故障。\n2. RRU光模块或上联的BBU光模块故障。\n3. RRU未供电。\n4. BBU接口单板故障。\n5. RRU故障。\n6. lr端口线速率配置错误。\n7. 单板硬件自检。""}, {""@rid"": ""#-1:ebe13750-a1ca-48b4-b14f-b055f9f234b4"", ""title"": ""RRU链路断"", ""location"": ""SubNetwork=5304,ManagedElement=2621634,Equipment=1,ReplaceableUnit=56"", ""reason"": ""RRU链路断""}]}"
6a8cec60-d824-484e-a42c-cfee9c43fb62,"{""rootcause"": [{""@rid"": ""#-1:e8295eb2-fd1c-4268-911d-8026b95b5e18"", ""title"": ""射频单元交流掉电告警"", ""location"": ""柜号:0; 框号:151; 槽号:0; 类型:AIRU"", ""reason"": ""551""}]}"
6a9b48e5-0c62-4490-ac4e-1056519aa089,"{""rootcause"": [{""@rid"": ""#-1:1f33b45e-5615-4ed2-9638-63acf17123d5"", ""title"": ""BBU CPRI接口异常告警"", ""location"": ""柜号:0; 框号:0; 槽号:0; 端口号:2; 端口号:0; 类型:UBBP; :MAC"", ""reason"": ""567""}]}"
6aa3ac7f-d1e9-477d-879c-693fa34f8316,"{""rootcause"": [{""@rid"": ""#-1:72a109bc-4c9c-46ad-a2ce-e3ecbfab0de8"", ""title"": ""RRU链路断"", ""location"": ""SubNetwork=1004,ManagedElement=1002761,Equipment=1,ReplaceableUnit=81"", ""reason"": ""RRU链路断""}]}"
6b519695-afa7-42b7-950b-1817ff57975b,"{""rootcause"": [{""@rid"": ""#-1:2d3caebf-5aa4-4884-9eb0-246033db9698"", ""title"": ""设备掉电"", ""location"": ""SubNetwork=5302,ManagedElement=568210,Equipment=1,Rack=59,SubRack=1,Slot=1,PlugInUnit=1,SdrDeviceGroup=1"", ""reason"": ""1. 市电异常。\n2. 外部供电设备故障。""}, {""@rid"": ""#-1:3c929ca7-e736-4220-810f-71a270b473c6"", ""title"": ""设备掉电"", ""location"": ""SubNetwork=5302,ManagedElement=568210,Equipment=1,Rack=58,SubRack=1,Slot=1,PlugInUnit=1,SdrDeviceGroup=1"", ""reason"": ""1. 市电异常。\n2. 外部供电设备故障。""}, {""@rid"": ""#-1:e41d3103-d28c-49b5-98df-0ce3809c0789"", ""title"": ""设备掉电"", ""location"": ""SubNetwork=5302,ManagedElement=568210,Equipment=1,Rack=57,SubRack=1,Slot=1,PlugInUnit=1,SdrDeviceGroup=1"", ""reason"": ""1. 市电异常。\n2. 外部供电设备故障。""}]}"
6b9e6788-f99f-4edf-a419-e4e698821aa5,"{""rootcause"": [{""@rid"": ""#-1:39dfdce9-d90c-4ac1-8462-060d83b73ecf"", ""title"": ""射频单元交流掉电告警"", ""location"": ""柜号:0; 框号:151; 槽号:0; 类型:AIRU"", ""reason"": ""551""}]}"
6ba3bf35-2d88-40be-9832-917e70b59b44,"{""rootcause"": [{""@rid"": ""#-1:3bba6478-a1a2-46ac-8d92-6fee384f3d8f"", ""title"": ""射频单元CPRI接口异常告警"", ""location"": ""柜号:0; 框号:203; 槽号:0; 端口号:端口0; 端口号:NULL; 类型:MRRU; :"", ""reason"": ""566""}]}"
6bd835ca-b7bc-4b43-bfd2-12237cf8aeb5,"{""rootcause"": [{""@rid"": ""#-1:38cd0db4-f1b0-424c-a799-d2f2b59e0150"", ""title"": ""射频单元交流掉电告警"", ""location"": ""柜号:0; 框号:150; 槽号:0; 类型:MRRU"", ""reason"": ""551""}]}"
6c596cdd-fd3a-44e3-ba8a-3deff75209ee,"{""rootcause"": [{""@rid"": ""#-1:4448672c-0b96-477e-919e-c11fe7e0dca3"", ""title"": ""输入电压异常"", ""location"": ""SubNetwork=1002,ManagedElement=82367,Equipment=1,Rack=1,SubRack=1,Slot=17,PlugInUnit=1,SdrDeviceGroup=1"", ""reason"": ""过压：外部电源系统的输入电压超过高门限。\n欠压：外部电源系统的输入电压低于低门限，可能原因包括：市电供电不够，空开容量不够，电源线线径不够，电源线过长等。\n掉电：外部电源系统的输入电压中断。\n供电能力不足：外部电源柜或者蓄电池带载能力不足，欠压导致定标失败，上报供电能力不足。可能原因包括市电供电不够，空开容量不够，电源线线径不够，电源线过长等。""}]}"
6d6c357e-30c7-4b70-b820-c09c0330a870,"{""rootcause"": [{""@rid"": ""#-1:45e71787-ae89-490a-be8d-c1300c8c9629"", ""title"": ""输入电源断"", ""location"": ""SubNetwork=1004,ManagedElement=1395161,Equipment=1,ReplaceableUnit=65"", ""reason"": ""外部掉电""}, {""@rid"": ""#-1:19f780d2-8d40-4719-98ab-1bbac6293791"", ""title"": ""输入电源断"", ""location"": ""SubNetwork=1004,ManagedElement=1395161,Equipment=1,ReplaceableUnit=66"", ""reason"": ""外部掉电""}, {""@rid"": ""#-1:1609979e-57c1-45e8-9c80-85304084f8fe"", ""title"": ""输入电源断"", ""location"": ""SubNetwork=1004,ManagedElement=1395161,Equipment=1,ReplaceableUnit=64"", ""reason"": ""外部掉电""}]}"
6d999cc6-36d6-4c9d-aeea-daf75092f12c,"{""rootcause"": [{""@rid"": ""#-1:73ae91e1-e72c-474d-9f61-f4f5f1cd6148"", ""title"": ""RRU链路断"", ""location"": ""SubNetwork=5300,ManagedElement=2622259,Equipment=1,ReplaceableUnit=53"", ""reason"": ""RRU链路断""}]}"
6d9d1f9b-c42c-44a5-ad3b-986f61b39bbb,"{""rootcause"": [{""@rid"": ""#-1:a2c6562d-0aac-4d00-809b-8afbc19ea65d"", ""title"": ""输入电源断"", ""location"": ""SubNetwork=5300,ManagedElement=2621944,Equipment=1,ReplaceableUnit=56"", ""reason"": ""外部掉电""}]}"
6de39b73-b0e9-4346-be47-d37f5b029899,"{""rootcause"": [{""@rid"": ""#-1:9054edd0-5660-4e30-838e-9abd8e2edf57"", ""title"": ""射频单元CPRI接口异常告警"", ""location"": ""柜号:0; 框号:90; 槽号:0; 端口号:端口0; 端口号:NULL; 类型:MRRU; :CPRI接口异常"", ""reason"": ""566""}]}"
6e2c4bef-2309-4ace-9c76-983bac0255a8,"{""rootcause"": [{""@rid"": ""#-1:7802637c-5183-41e7-9b5a-265e47384dbc"", ""title"": ""单板处于初始化状态"", ""location"": ""SubNetwork=CMCC-GZ-01,ManagedElement=12587375,Equipment=1,ReplaceableUnit=51"", ""reason"": ""单板处于初始化状态""}]}"
7002339b-8846-40ad-a1be-8b837008e2aa,"{""rootcause"": [{""@rid"": ""#-1:42db1108-cb47-4044-804f-80e7f9fd9d4e"", ""title"": ""BBU CPRI接口异常告警"", ""location"": ""柜号:0; 框号:0; 槽号:0; 端口号:2; 端口号:0; 类型:UBBP; :CPRI接口异常"", ""reason"": ""567""}]}"
7083104c-f8f4-4ea3-843c-983dbc772a6f,"{""rootcause"": [{""@rid"": ""#-1:505daa98-d83d-4314-a0cb-9798c4e9a937"", ""title"": ""射频单元交流掉电告警"", ""location"": ""柜号:0; 框号:150; 槽号:0; 类型:AIRU"", ""reason"": ""551""}]}"
70b84b0d-e9d5-4b40-b8dd-aef24ac338b3,"{""rootcause"": [{""@rid"": ""#-1:fb3a27f9-0cbe-407c-a9df-570991d99b85"", ""title"": ""RRU链路断"", ""location"": ""SubNetwork=1003,ManagedElement=357992,Equipment=1,Rack=53,SubRack=1,Slot=1,PlugInUnit=1,SdrDeviceGroup=1"", ""reason"": ""1. BBU和RRU之间或者上下级RRU之间的光纤故障。\n2. RRU光模块或上联的BBU光模块故障。\n3. RRU未供电。\n4. BBU接口单板故障。\n5. RRU故障。\n6. lr端口线速率配置错误。\n7. 单板硬件自检。""}]}"
71efa523-4abd-4b3d-bf4f-c3979ce7fc76,"{""rootcause"": [{""@rid"": ""#-1:8513888b-b121-4139-8bc6-020031d1d615"", ""title"": ""输入电源断"", ""location"": ""SubNetwork=1004,ManagedElement=1002002,Equipment=1,ReplaceableUnit=A_2"", ""reason"": ""外部掉电""}, {""@rid"": ""#-1:08442bd8-19a9-44a7-a696-32559184f45b"", ""title"": ""输入电源断"", ""location"": ""SubNetwork=1004,ManagedElement=1002002,Equipment=1,ReplaceableUnit=A_1"", ""reason"": ""外部掉电""}, {""@rid"": ""#-1:7051a5cb-0b31-4d4d-8045-9cd2dfa1f8fc"", ""title"": ""输入电源断"", ""location"": ""SubNetwork=1004,ManagedElement=1002002,Equipment=1,ReplaceableUnit=A_3"", ""reason"": ""外部掉电""}]}"
7295c9de-1b69-4568-a410-6df0efb66b08,"{""rootcause"": [{""@rid"": ""#-1:6c6bb4b1-3db4-463a-ac00-5f3941800d82"", ""title"": ""输入电源断"", ""location"": ""SubNetwork=CMCC-GZ-02,ManagedElement=12716753,Equipment=1,ReplaceableUnit=51"", ""reason"": ""外部掉电""}, {""@rid"": ""#-1:c3d09af4-ddfa-4ffe-892c-12de683c9c4e"", ""title"": ""输入电源断"", ""location"": ""SubNetwork=CMCC-GZ-02,ManagedElement=12716753,Equipment=1,ReplaceableUnit=53"", ""reason"": ""外部掉电""}, {""@rid"": ""#-1:1862374b-a07f-433b-a5f3-3796658781cf"", ""title"": ""输入电源断"", ""location"": ""SubNetwork=CMCC-GZ-02,ManagedElement=12716753,Equipment=1,ReplaceableUnit=52"", ""reason"": ""外部掉电""}]}"
72c847d4-a857-4993-a7da-f524d3c5be91,"{""rootcause"": [{""@rid"": ""#-1:c87c94ae-bc2c-4a0b-a30a-b5328b6dd001"", ""title"": ""射频单元交流掉电告警"", ""location"": ""柜号:0; 框号:224; 槽号:0; 类型:MRRU"", ""reason"": ""551""}]}"
72fe9757-f4a8-4e6f-8f23-504aeb6ee2f0,"{""rootcause"": [{""@rid"": ""#-1:35f2b4bb-e67e-43a2-aecd-6a05fccba3f3"", ""title"": ""射频单元CPRI接口异常告警"", ""location"": ""柜号:0; 框号:176; 槽号:0; 端口号:端口0; 端口号:NULL; 类型:MRRU; :CPRI接口异常"", ""reason"": ""566""}]}"
736a5bad-3e29-44dd-a0eb-b201157882fd,"{""rootcause"": [{""@rid"": ""#-1:d9ac230d-10e5-47db-a1e8-297983425347"", ""title"": ""设备掉电"", ""location"": ""SubNetwork=1003,ManagedElement=88915,Equipment=1,Rack=61,SubRack=1,Slot=1,PlugInUnit=1,SdrDeviceGroup=1"", ""reason"": ""1. 市电异常。\n2. 外部供电设备故障。""}, {""@rid"": ""#-1:9b966b65-5df0-43e0-954f-127322afd209"", ""title"": ""设备掉电"", ""location"": ""SubNetwork=1003,ManagedElement=88915,Equipment=1,Rack=62,SubRack=1,Slot=1,PlugInUnit=1,SdrDeviceGroup=1"", ""reason"": ""1. 市电异常。\n2. 外部供电设备故障。""}, {""@rid"": ""#-1:6b668d67-1cb4-4c00-a76e-3d6667020a3c"", ""title"": ""设备掉电"", ""location"": ""SubNetwork=1003,ManagedElement=88915,Equipment=1,Rack=63,SubRack=1,Slot=1,PlugInUnit=1,SdrDeviceGroup=1"", ""reason"": ""1. 市电异常。\n2. 外部供电设备故障。""}]}"
73838035-ff73-4282-b82f-0efbe2a5183a,"{""rootcause"": [{""@rid"": ""#-1:9a76b5c2-de97-4c5d-8c1f-cbff6e04f073"", ""title"": ""ETH_LOS"", ""location"": ""1-81EG8E-5(PORT-5)-MAC:1"", ""reason"": ""(1)端口已使能但端口的网线或光纤没有连接好；\n(2)网线或光纤故障；\n(3)对端发送部分故障；\n(4)本端接收部分故障。\n(5)灰光光模块与彩光光模块对接，端口可能上ETH_LOS。\n(6)彩光光模块对接，配置不同波长。\n(7)对接端口的传输模式不一致或者FEC模式不一致。""}, {""@rid"": ""#-1:cbd9e052-24e2-4664-b8ec-cfca460acb6e"", ""title"": ""ETH_LOS"", ""location"": ""1-D2EG2-1(PORT-1)-MAC:1"", ""reason"": ""(1)端口已使能但端口的网线或光纤没有连接好；\n(2)网线或光纤故障；\n(3)对端发送部分故障；\n(4)本端接收部分故障。\n(5)灰光光模块与彩光光模块对接，端口可能上ETH_LOS。\n(6)彩光光模块对接，配置不同波长。\n(7)对接端口的传输模式不一致或者FEC模式不一致。""}]}"
73c169ec-d1f0-42e0-81fb-31f07a6abca1,"{""rootcause"": [{""@rid"": ""#-1:4591fb12-622c-4aba-a901-33f1e417b533"", ""title"": ""设备掉电"", ""location"": ""SubNetwork=1003,ManagedElement=495367,Equipment=1,Rack=53,SubRack=1,Slot=1,PlugInUnit=1,SdrDeviceGroup=1"", ""reason"": ""1. 市电异常。\n2. 外部供电设备故障。""}, {""@rid"": ""#-1:b917dd79-8e41-4655-9b52-a65a3558b258"", ""title"": ""设备掉电"", ""location"": ""SubNetwork=1003,ManagedElement=495367,Equipment=1,Rack=51,SubRack=1,Slot=1,PlugInUnit=1,SdrDeviceGroup=1"", ""reason"": ""1. 市电异常。\n2. 外部供电设备故障。""}]}"
73fae141-1ed5-44fe-9c9c-06381e01e4f7,"{""rootcause"": [{""@rid"": ""#-1:f97fd602-ae28-4a8b-905f-97ec4eef4713"", ""title"": ""输入电源断"", ""location"": ""SubNetwork=1004,ManagedElement=1397971,Equipment=1,ReplaceableUnit=61"", ""reason"": ""外部掉电""}, {""@rid"": ""#-1:8f79a5ef-17f9-4ba9-bb3b-f7a3af402f0c"", ""title"": ""输入电源断"", ""location"": ""SubNetwork=1004,ManagedElement=1397971,Equipment=1,ReplaceableUnit=63"", ""reason"": ""外部掉电""}, {""@rid"": ""#-1:4ea9adb5-144a-4634-ae9a-3a2583aac7cf"", ""title"": ""输入电源断"", ""location"": ""SubNetwork=1004,ManagedElement=1397971,Equipment=1,ReplaceableUnit=62"", ""reason"": ""外部掉电""}]}"
74a6f1eb-a808-4e1f-ab52-4e1fa4da6e14,"{""rootcause"": [{""@rid"": ""#-1:013fb817-c5e3-46db-abd1-17408304ce8d"", ""title"": ""BBU IR接口异常告警"", ""location"": ""柜号:0; 框号:0; 槽号:4; 端口号:1; 端口号:0; 类型:UBBP; :IR接口异常"", ""reason"": ""567""}]}"
762fe81b-62c3-4ffe-af16-3858b0225388,"{""rootcause"": [{""@rid"": ""#-1:7a8699ce-03d5-4f97-ac2d-62baf7a9ec22"", ""title"": ""输入电源断"", ""location"": ""SubNetwork=1004,ManagedElement=1393660,Equipment=1,ReplaceableUnit=62"", ""reason"": ""外部掉电""}, {""@rid"": ""#-1:ba927fc7-cc41-4fc9-8b7c-be7ebecbd59f"", ""title"": ""输入电源断"", ""location"": ""SubNetwork=1004,ManagedElement=1393660,Equipment=1,ReplaceableUnit=61"", ""reason"": ""外部掉电""}, {""@rid"": ""#-1:06fe7e0e-0dcf-4fee-a317-5409ad9eff5b"", ""title"": ""输入电源断"", ""location"": ""SubNetwork=1004,ManagedElement=1393660,Equipment=1,ReplaceableUnit=63"", ""reason"": ""外部掉电""}]}"
763d6708-825e-4b8d-b812-2f8e95da181d,"{""rootcause"": [{""@rid"": ""#-1:67173307-7298-440d-9436-e5aff052593d"", ""title"": ""RRU链路断"", ""location"": ""SubNetwork=1004,ManagedElement=1434949,Equipment=1,ReplaceableUnit=71"", ""reason"": ""RRU链路断""}]}"
767c94f2-ed95-4967-a7e6-f0badda74572,"{""rootcause"": [{""@rid"": ""#-1:996ab111-d5b6-477d-aa8d-fbbb033e0729"", ""title"": ""网元链路断"", ""location"": ""SubNetwork=5306,ManagedElement=831361"", ""reason"": ""网元链路断""}, {""@rid"": ""#-1:698fc874-3097-42c5-90ba-0e5875034dff"", ""title"": ""输入电压异常"", ""location"": ""SubNetwork=5301,ManagedElement=296742,Equipment=1,Rack=1,SubRack=1"", ""reason"": ""过压：外部电源系统的输入电压超过高门限。\n欠压：外部电源系统的输入电压低于低门限，可能原因包括：市电供电不够，空开容量不够，电源线线径不够，电源线过长等。\n掉电：外部电源系统的输入电压中断。\n供电能力不足：外部电源柜或者蓄电池带载能力不足，欠压导致定标失败，上报供电能力不足。可能原因包括市电供电不够，空开容量不够，电源线线径不够，电源线过长等。""}]}"
76b5e3ac-739b-467d-b87d-a86bcdc52ec8,"{""rootcause"": [{""@rid"": ""#-1:5e9fd803-f76f-4303-b694-680f32225b60"", ""title"": ""BBU CPRI接口异常告警"", ""location"": ""柜号:0; 框号:0; 槽号:4; 端口号:0; 端口号:0; 类型:UBBP; :"", ""reason"": ""567""}]}"
776e95ea-48dd-4b17-b609-b8eb83c0cedd,"{""rootcause"": [{""@rid"": ""#-1:7ff726fc-6445-41a6-a2ed-99ccc39a5663"", ""title"": ""单板处于初始化状态"", ""location"": ""SubNetwork=5305,ManagedElement=2572842,Equipment=1,ReplaceableUnit=53"", ""reason"": ""单板处于初始化状态""}]}"
777dfbc3-8003-4354-bce7-935d2253a0ed,"{""rootcause"": [{""@rid"": ""#-1:7a0333f8-4975-40af-a6eb-a164f9af9dbf"", ""title"": ""设备掉电"", ""location"": ""SubNetwork=5304,ManagedElement=801897,Equipment=1,Rack=54,SubRack=1,Slot=1,PlugInUnit=1,SdrDeviceGroup=1"", ""reason"": ""1. 市电异常。\n2. 外部供电设备故障。""}, {""@rid"": ""#-1:93b190cf-ab45-4300-9209-3308fd1f25cb"", ""title"": ""设备掉电"", ""location"": ""SubNetwork=5304,ManagedElement=801897,Equipment=1,Rack=55,SubRack=1,Slot=1,PlugInUnit=1,SdrDeviceGroup=1"", ""reason"": ""1. 市电异常。\n2. 外部供电设备故障。""}]}"
7789d7a5-fa96-4fc9-9727-e26ee40ca45d,"{""rootcause"": [{""@rid"": ""#-1:09885774-674e-49ff-8f68-b3e54432144f"", ""title"": ""射频单元驻波告警"", ""location"": ""柜号:0; 框号:212; 槽号:0; :0; 类型:MRRU; 告警(0.1):18; (0.1):18; 输出(0.1dBm):385; 端口:NULL"", ""reason"": ""516""}, {""@rid"": ""#-1:d4412dc8-ff5c-4a7a-940c-63080f0d370c"", ""title"": ""射频单元驻波告警"", ""location"": ""柜号:0; 框号:212; 槽号:0; :0; 类型:MRRU; 告警(0.1):18; (0.1):18; 输出(0.1dBm):388; 端口:NULL"", ""reason"": ""516""}]}"
7830e3c2-3c7a-4cfb-bbd1-eb2585e3bd0b,"{""rootcause"": [{""@rid"": ""#-1:cb478331-07b8-4c30-aa13-346a842db6cf"", ""title"": ""射频单元驻波告警"", ""location"": ""柜号:0; 框号:231; 槽号:0; :0; 类型:MRRU; 告警(0.1):18; (0.1):130; 输出(0.1dBm):388; 端口:NULL"", ""reason"": ""516""}, {""@rid"": ""#-1:24a14def-35dd-4010-9f5f-5eb44249eb97"", ""title"": ""射频单元驻波告警"", ""location"": ""柜号:0; 框号:237; 槽号:0; :0; 类型:MRRU; 告警(0.1):18; (0.1):71; 输出(0.1dBm):374; 端口:NULL"", ""reason"": ""516""}]}"
783fee55-922c-4b37-8474-49bba88f0d0e,"{""rootcause"": [{""@rid"": ""#-1:e6b3b1c5-012d-48a1-99b2-9159e03552c4"", ""title"": ""PB-pRRU链路误码率高"", ""location"": ""sbn=0,NodeMe=394588,Equipment=1,rack=3,shelf=1,board=1"", ""reason"": ""1. 网线长度超过100m。\n2. 网线水晶头压接不好。\n3. 网线和电口速率不匹配。""}]}"
79fa04bb-cdfe-46e5-8c39-d4482f9e9659,"{""rootcause"": [{""@rid"": ""#-1:5a4a8275-e86d-4dde-899d-36699d324fac"", ""title"": ""[衍生告警]PTN光缆中断，单报LOS"", ""location"": ""R8EGF[0-1-2]-GE\\:5"", ""reason"": ""以太网物理接口(ETPI) 信号丢失(LOS)""}]}"
7ab09a23-c5b2-467b-ae1f-d40cdde3d820,"{""rootcause"": [{""@rid"": ""#-1:a5a9a436-a4f6-4476-ad9d-6f1712912175"", ""title"": ""射频单元直流掉电告警"", ""location"": ""柜号:0; 框号:151; 槽号:0; 类型:AIRU"", ""reason"": ""551""}, {""@rid"": ""#-1:139dfe46-f084-4fcd-a4b7-2b653432bd4c"", ""title"": ""射频单元直流掉电告警"", ""location"": ""柜号:0; 框号:152; 槽号:0; 类型:AIRU"", ""reason"": ""551""}, {""@rid"": ""#-1:6a7117be-94b7-4858-9ddb-7ac78bcfff32"", ""title"": ""射频单元直流掉电告警"", ""location"": ""柜号:0; 框号:150; 槽号:0; 类型:AIRU"", ""reason"": ""551""}]}"
7b143398-ccaa-4faa-b429-2873fd0b11d7,"{""rootcause"": [{""@rid"": ""#-1:4d1f593a-df2e-4b0e-aa0d-2ff41c79d38f"", ""title"": ""设备掉电"", ""location"": ""SubNetwork=5307,ManagedElement=373807,Equipment=1,Rack=53,SubRack=1,Slot=1,PlugInUnit=1,SdrDeviceGroup=1"", ""reason"": ""1. 市电异常。\n2. 外部供电设备故障。""}, {""@rid"": ""#-1:d1a074ac-b1bb-4f37-babf-eb80523c20bd"", ""title"": ""设备掉电"", ""location"": ""SubNetwork=5307,ManagedElement=373807,Equipment=1,Rack=54,SubRack=1,Slot=1,PlugInUnit=1,SdrDeviceGroup=1"", ""reason"": ""1. 市电异常。\n2. 外部供电设备故障。""}]}"
7b1b39e5-954a-418c-9ed7-03285444ea24,"{""rootcause"": [{""@rid"": ""#-1:552046b6-e16f-4a58-90d4-bb2c3433ccb4"", ""title"": ""[衍生告警]设备商甲4G基站退服"", ""location"": "":南;\n名称:;\n告警:[告警]4G;\n告警:；2\n告警时间:2025-12-24 10:17:48;"", ""reason"": ""网元与OMM服务器链路断。""}]}"
7b56b02c-061a-443f-8977-17ad3f65f9cf,"{""rootcause"": [{""@rid"": ""#-1:1758ef34-1345-4445-92ff-81d85d394295"", ""title"": ""RRU链路断"", ""location"": ""SubNetwork=1003,ManagedElement=495535,Equipment=1,Rack=53,SubRack=1,Slot=1,PlugInUnit=1,SdrDeviceGroup=1"", ""reason"": ""1. BBU和RRU之间或者上下级RRU之间的光纤故障。2. RRU光模块或上联的BBU光模块故障。3. RRU未供电。4. BBU接口单板故障。5. RRU故障。6. lr端口线速率配置错误。7. 单板硬件自检。""}]}"
7c6302fc-1882-49b5-8228-10eec8616806,"{""rootcause"": [{""@rid"": ""#-1:bc81d57f-82ba-4cdb-aec5-e40c87dd54cc"", ""title"": ""设备掉电"", ""location"": ""SubNetwork=1003,ManagedElement=70955,Equipment=1,Rack=72,SubRack=1,Slot=1,PlugInUnit=1,SdrDeviceGroup=1"", ""reason"": ""1. 市电异常。\n2. 外部供电设备故障。""}, {""@rid"": ""#-1:859d764c-1d6f-4ac1-afae-0bee3e36dedb"", ""title"": ""设备掉电"", ""location"": ""SubNetwork=1003,ManagedElement=70955,Equipment=1,Rack=71,SubRack=1,Slot=1,PlugInUnit=1,SdrDeviceGroup=1"", ""reason"": ""1. 市电异常。\n2. 外部供电设备故障。""}]}"
7d2af5bb-4ebd-4311-9f80-f0bcebefd515,"{""rootcause"": [{""@rid"": ""#-1:d91f74e0-4f41-482a-bb21-613ffb173f2a"", ""title"": ""网元连接中断"", ""location"": ""网元名称:西HLG; 网元IP地址:10.151.220.18; 网元IP地址(IP Mode):NULL; 端口:6007; 错误:N/A; 信息:端口时; 分:MediationService5310; OMC IP:10.224.27.31"", ""reason"": ""718""}, {""@rid"": ""#-1:1694b09e-12d3-4d37-bd9f-62ad93fccca9"", ""title"": ""网元连接中断"", ""location"": ""网元名称:5G西1H; 网元IP地址:10.179.112.62; 网元IP地址(IP Mode):NULL; 端口:6007; 错误:N/A; 信息:端口时; 分:MediationService5410; OMC IP:10.224.27.32"", ""reason"": ""718""}]}"
7d4bf24c-7908-4e35-80a0-2988591fc22f,"{""rootcause"": [{""@rid"": ""#-1:a415fb51-a2a3-4a83-8bb0-eb908f858fc6"", ""title"": ""射频单元直流掉电告警"", ""location"": ""柜号:0; 框号:152; 槽号:0; 类型:AIRU"", ""reason"": ""551""}]}"
7dc94e92-e338-41d6-adab-7f51fa92e3cc,"{""rootcause"": [{""@rid"": ""#-1:47641784-7b69-4df6-9eb1-c4fd88457eb7"", ""title"": ""射频单元驻波告警"", ""location"": ""柜号:0; 框号:64; 槽号:0; :1; 类型:MRRU; 告警(0.1):20; (0.1):20; 输出(0.1dBm):344; 端口:NULL"", ""reason"": ""516""}]}"
7dda77fa-54a2-4692-8540-e366c427392d,"{""rootcause"": [{""@rid"": ""#-1:8879edb2-28e3-4c37-814b-5bcbe9aa4db5"", ""title"": ""射频单元CPRI接口异常告警"", ""location"": ""柜号:0; 框号:201; 槽号:0; 端口号:端口1; 端口号:0; 类型:AIRU; :MAC"", ""reason"": ""566""}, {""@rid"": ""#-1:dc9918ac-eb1c-4f57-abee-4d2d60ab0bba"", ""title"": ""射频单元CPRI接口异常告警"", ""location"": ""柜号:0; 框号:201; 槽号:0; 端口号:端口1; 端口号:0; 类型:AIRU; :链路故障"", ""reason"": ""566""}]}"
7e5139cf-656e-4072-8397-b284f70837e0,"{""rootcause"": [{""@rid"": ""#-1:42e62f39-6396-4c72-b52b-20ff41167042"", ""title"": ""射频单元驻波告警"", ""location"": ""柜号:0; 框号:207; 槽号:0; :0; 类型:MRRU; 告警(0.1):18; (0.1):18; 输出(0.1dBm):351; 端口:NULL"", ""reason"": ""516""}]}"
7e5791ac-4cfa-4718-b1ce-d56cb6fb3137,"{""rootcause"": [{""@rid"": ""#-1:7deb9631-e568-4714-8a0a-6740e07728dc"", ""title"": ""射频单元IR接口异常告警"", ""location"": ""柜号:0; 框号:200; 槽号:0; 端口号:端口0; 类型:MRRU; :IR接口异常"", ""reason"": ""69""}]}"
7e7120ae-b806-42a4-abfc-a58d5652b331,"{""rootcause"": [{""@rid"": ""#-1:35cd8a40-6f03-4d0a-9c9f-e679df17d066"", ""title"": ""输入电源断"", ""location"": ""SubNetwork=CMCC-GZ-03,ManagedElement=12653891,Equipment=1,ReplaceableUnit=51"", ""reason"": ""外部掉电""}, {""@rid"": ""#-1:ad1209dd-b934-426d-8d7b-e0bbdab0e108"", ""title"": ""输入电源断"", ""location"": ""SubNetwork=CMCC-GZ-03,ManagedElement=12653891,Equipment=1,ReplaceableUnit=53"", ""reason"": ""外部掉电""}, {""@rid"": ""#-1:e9474c03-0a53-4c4f-b3c1-0bddf6c8ab13"", ""title"": ""输入电源断"", ""location"": ""SubNetwork=CMCC-GZ-03,ManagedElement=12653891,Equipment=1,ReplaceableUnit=56"", ""reason"": ""外部掉电""}, {""@rid"": ""#-1:ff17890a-a33a-4418-936c-ffedfdbdb115"", ""title"": ""输入电源断"", ""location"": ""SubNetwork=CMCC-GZ-03,ManagedElement=12653891,Equipment=1,ReplaceableUnit=57"", ""reason"": ""外部掉电""}, {""@rid"": ""#-1:608293c8-c31d-43e1-bc8d-676f0d4aba79"", ""title"": ""输入电源断"", ""location"": ""SubNetwork=CMCC-GZ-03,ManagedElement=12653891,Equipment=1,ReplaceableUnit=59"", ""reason"": ""外部掉电""}, {""@rid"": ""#-1:894e5ad2-160a-4fec-a6a1-ad5e97c9ffff"", ""title"": ""输入电源断"", ""location"": ""SubNetwork=CMCC-GZ-03,ManagedElement=12653891,Equipment=1,ReplaceableUnit=52"", ""reason"": ""外部掉电""}]}"
7ea3a710-5b42-49c2-ad44-c440220ee8ed,"{""rootcause"": [{""@rid"": ""#-1:88a1c299-ac66-46b8-8daf-03eb7d9bfc0c"", ""title"": ""射频单元直流掉电告警"", ""location"": ""柜号:0; 框号:151; 槽号:0; 类型:AIRU"", ""reason"": ""551""}]}"
7f43b995-0f0f-4fa5-ad3b-6f196f7434dc,"{""rootcause"": [{""@rid"": ""#-1:d39035c5-c493-4296-976a-da81ad606945"", ""title"": ""单板处于初始化状态"", ""location"": ""SubNetwork=1004,ManagedElement=1399007,Equipment=1,ReplaceableUnit=VBP_1_3"", ""reason"": ""单板处于初始化状态""}, {""@rid"": ""#-1:65ec4259-67df-4be5-9790-f1b2ad693d96"", ""title"": ""RRU链路断"", ""location"": ""SubNetwork=1004,ManagedElement=1399007,Equipment=1,ReplaceableUnit=62"", ""reason"": ""RRU链路断""}]}"
7ff7b849-4d76-4f9c-9861-dd835a9ca588,"{""rootcause"": [{""@rid"": ""#-1:0070926e-c4b7-4cb9-baaa-a50200a0c7cf"", ""title"": ""单板时钟输入异常告警"", ""location"": ""柜号:0; 框号:0; 槽号:5; 类型:USCU"", ""reason"": ""509""}]}"
8014ca6e-48d6-4fc0-a827-240d579ebe65,"{""rootcause"": [{""@rid"": ""#-1:52928840-b4fa-4a99-b2d1-7d41e292ba57"", ""title"": ""输入电源断"", ""location"": ""SubNetwork=5300,ManagedElement=2622236,Equipment=1,ReplaceableUnit=57"", ""reason"": ""输入电源断""}]}"
808e05f4-3151-4437-9845-4994bc189ed0,"{""rootcause"": [{""@rid"": ""#-1:bded71df-6e3f-4120-879e-d5bbb35e4e44"", ""title"": ""射频单元IR接口异常告警"", ""location"": ""柜号:0; 框号:225; 槽号:0; 端口号:端口1; 类型:MRRU; :IR接口异常"", ""reason"": ""69""}, {""@rid"": ""#-1:afabf83d-cf4e-4035-92db-16641801816f"", ""title"": ""射频单元IR接口异常告警"", ""location"": ""柜号:0; 框号:225; 槽号:0; 端口号:端口1; 类型:MRRU; :IR接口异常"", ""reason"": ""69""}]}"
80bab998-48f6-4c24-b989-9a6643ae4ef3,"{""rootcause"": [{""@rid"": ""#-1:74a8962c-6b04-4a7c-895d-a6046f25466b"", ""title"": ""RHUB与pRRU间链路异常告警"", ""location"": ""柜号:0; 框号:80; 槽号:0; 端口:1; 类型:RHUB; :传输异常"", ""reason"": ""566""}]}"
80c48dda-707b-49c8-9ff0-f30be0df5dbd,"{""rootcause"": [{""@rid"": ""#-1:e43cca65-897e-4f3d-9853-752e6b691933"", ""title"": ""天馈驻波比异常"", ""location"": ""SubNetwork=0,ManagedElement=3671641,Equipment=1,ReplaceableUnit=59,RfPort=ANT2"", ""reason"": ""天馈驻波比异常""}, {""@rid"": ""#-1:cdc24ea9-4b2c-4a2d-bafd-b5b02786832b"", ""title"": ""天馈驻波比异常"", ""location"": ""SubNetwork=0,ManagedElement=3671641,Equipment=1,ReplaceableUnit=59,RfPort=ANT4"", ""reason"": ""天馈驻波比异常""}]}"
80e30814-8597-4818-ac4f-e078866c15b3,"{""rootcause"": [{""@rid"": ""#-1:1f6e2433-c7b0-4c8e-bc67-bac0b2bc5993"", ""title"": ""输入电源断"", ""location"": ""SubNetwork=1004,ManagedElement=1420823,Equipment=1,ReplaceableUnit=75"", ""reason"": ""输入电源断""}, {""@rid"": ""#-1:c08e2b1c-a640-4148-bd18-380df917050a"", ""title"": ""输入电源断"", ""location"": ""SubNetwork=1004,ManagedElement=1420823,Equipment=1,ReplaceableUnit=74"", ""reason"": ""输入电源断""}, {""@rid"": ""#-1:e15bffd1-246c-4860-bdf0-bc49b3875b1d"", ""title"": ""输入电源断"", ""location"": ""SubNetwork=1004,ManagedElement=1420823,Equipment=1,ReplaceableUnit=76"", ""reason"": ""输入电源断""}]}"
8106c960-6510-43b1-af25-b3c91388c598,"{""rootcause"": [{""@rid"": ""#-1:59c285d6-a60b-4e3b-b8c1-1a415814442a"", ""title"": ""射频单元驻波告警"", ""location"": ""柜号:0; 框号:230; 槽号:0; :0; 类型:MRRU; 告警(0.1):18; (0.1):20; 输出(0.1dBm):335; 端口:NULL"", ""reason"": ""516""}, {""@rid"": ""#-1:d1108dd6-92f1-4970-9cd2-912857e84b72"", ""title"": ""射频单元IR接口异常告警"", ""location"": ""柜号:0; 框号:230; 槽号:0; 端口号:端口1; 类型:MRRU; :IR接口异常"", ""reason"": ""69""}, {""@rid"": ""#-1:6e7bb57a-c117-497c-9383-ec216acafe61"", ""title"": ""射频单元IR接口异常告警"", ""location"": ""柜号:0; 框号:224; 槽号:0; 端口号:端口1; 类型:MRRU; :IR接口异常"", ""reason"": ""69""}, {""@rid"": ""#-1:016f5dae-a5d3-4aa7-9ce2-55e1ac4429b2"", ""title"": ""射频单元驻波告警"", ""location"": ""柜号:0; 框号:230; 槽号:0; :0; 类型:MRRU; 告警(0.1):18; (0.1):20; 输出(0.1dBm):355; 端口:NULL"", ""reason"": ""516""}]}"
81e47a27-a3f2-41ee-863e-36a27b36e510,"{""rootcause"": [{""@rid"": ""#-1:ed22acb9-bd9a-4741-b587-96edb71423e9"", ""title"": ""光口链路故障"", ""location"": ""SubNetwork=5305,ManagedElement=2572842,Equipment=1,ReplaceableUnit=53,RiPort=OPT1"", ""reason"": ""光口链路故障""}, {""@rid"": ""#-1:ae2369d0-c38e-4732-8794-0963db8f2ca5"", ""title"": ""光口链路故障"", ""location"": ""SubNetwork=5305,ManagedElement=2572842,Equipment=1,ReplaceableUnit=VBP_1_8,RiPort=OF3"", ""reason"": ""光口链路故障""}]}"
81f0a4c5-9ed2-499d-9843-9769a8254a61,"{""rootcause"": [{""@rid"": ""#-1:4354dc03-1dd4-4659-88ae-ed814f63ef97"", ""title"": ""射频单元业务不可用告警"", ""location"": ""eNodeB名称:5-HFM; 本地:195; :FDD; 柜号:0; 框号:180; 槽号:0; NB-IoT:FALSE; eNodeB分:NULL; 名称:5-HFM-FD-195; eNodeB:952885; :195; :电源异常"", ""reason"": ""509""}]}"
823ec864-1412-462d-84f7-1faa6e67e86c,"{""rootcause"": [{""@rid"": ""#-1:2d7b9e4d-7ba2-4cbd-a4f0-57f4c3da1307"", ""title"": ""射频单元直流掉电告警"", ""location"": ""柜号:0; 框号:68; 槽号:0; 类型:MRRU"", ""reason"": ""551""}, {""@rid"": ""#-1:6d5743cd-a3e8-4f3e-97e6-44751798fd79"", ""title"": ""射频单元直流掉电告警"", ""location"": ""柜号:0; 框号:62; 槽号:0; 类型:MRRU"", ""reason"": ""551""}]}"
82f3997a-668c-4663-9dd6-a0a298f14d00,"{""rootcause"": [{""@rid"": ""#-1:9940304a-16f7-45a7-a77a-bdbbe5f6aa6c"", ""title"": ""射频单元IR接口异常告警"", ""location"": ""柜号:0; 框号:202; 槽号:0; 端口号:端口1; 类型:MRRU; :IR接口异常"", ""reason"": ""69""}, {""@rid"": ""#-1:24a89126-1a36-4305-b0f5-0a60e349ead1"", ""title"": ""射频单元IR接口异常告警"", ""location"": ""柜号:0; 框号:202; 槽号:0; 端口号:端口1; 类型:MRRU; :IR接口异常"", ""reason"": ""69""}]}"
832712dd-5466-4fd9-a57e-06f21712e123,"{""rootcause"": [{""@rid"": ""#-1:32a7b5dc-ed63-4414-bdd0-68828379f68d"", ""title"": ""RRU链路断"", ""location"": ""sbn=2,NodeMe=474890,Equipment=1,rack=76,shelf=1,board=1"", ""reason"": ""1. BBU和RRU之间或者上下级RRU之间的光纤故障。\n2. RRU光模块或上联的BBU光模块故障。\n3. RRU未供电。\n4. BBU接口单板故障。\n5. RRU故障。\n6. lr端口线速率配置错误。\n7. 单板硬件自检。""}]}"
83e85005-33ed-4dc9-8d3f-228cf0449930,"{""rootcause"": [{""@rid"": ""#-1:10e02f21-a807-4325-ab0c-df4477be9bb4"", ""title"": ""[衍生告警]PTN光缆中断，单报LOS"", ""location"": ""OIGE8[0-1-2]-GE\\:3"", ""reason"": ""以太网物理接口(ETPI) 信号丢失(LOS)""}]}"
84d4215d-f2ff-489b-b814-39d4e60eb783,"{""rootcause"": [{""@rid"": ""#-1:e489db16-120f-452d-a4bd-b84a9c75c17e"", ""title"": ""射频单元CPRI接口异常告警"", ""location"": ""柜号:0; 框号:202; 槽号:0; 端口号:端口0; 端口号:NULL; 类型:MRRU; :CPRI接口异常"", ""reason"": ""566""}]}"
857d35ea-c877-4dc5-a4cd-e6ffe001e5a7,"{""rootcause"": [{""@rid"": ""#-1:cd2c2ed0-1ad5-4c23-be62-96a0bbe8d1ce"", ""title"": ""射频单元CPRI接口异常告警"", ""location"": ""柜号:0; 框号:93; 槽号:0; 端口号:端口0; 端口号:NULL; 类型:MRRU; :"", ""reason"": ""566""}]}"
85f9b683-713b-43e0-9f8d-1c21d7525ca0,"{""rootcause"": [{""@rid"": ""#-1:0319ef1a-3d8c-45e1-bd75-cb071feed22c"", ""title"": ""射频单元交流掉电告警"", ""location"": ""柜号:0; 框号:200; 槽号:0; 类型:MRRU"", ""reason"": ""551""}, {""@rid"": ""#-1:1074c0b2-ed9e-4178-a544-f8664c926313"", ""title"": ""射频单元交流掉电告警"", ""location"": ""柜号:0; 框号:201; 槽号:0; 类型:MRRU"", ""reason"": ""551""}, {""@rid"": ""#-1:0d8eb146-5d32-4bcd-94d8-8a0e0b785ddf"", ""title"": ""射频单元交流掉电告警"", ""location"": ""柜号:0; 框号:202; 槽号:0; 类型:MRRU"", ""reason"": ""551""}, {""@rid"": ""#-1:51d2e1eb-9496-4cbf-83f1-4f16b9753a12"", ""title"": ""射频单元交流掉电告警"", ""location"": ""柜号:0; 框号:150; 槽号:0; 类型:MRRU"", ""reason"": ""551""}, {""@rid"": ""#-1:dde7a6cf-4265-48d3-be4d-2c8a66c9a19f"", ""title"": ""射频单元交流掉电告警"", ""location"": ""柜号:0; 框号:152; 槽号:0; 类型:MRRU"", ""reason"": ""551""}, {""@rid"": ""#-1:50d7fadc-3bd6-4abd-9991-9b939e479e21"", ""title"": ""射频单元交流掉电告警"", ""location"": ""柜号:0; 框号:153; 槽号:0; 类型:MRRU"", ""reason"": ""551""}]}"
861f8d83-388f-485f-982d-ed3f28ff0bcb,"{""rootcause"": [{""@rid"": ""#-1:2d304157-a94f-44a1-8c7f-44f9256c3af1"", ""title"": ""射频单元IR接口异常告警"", ""location"": ""柜号:0; 框号:60; 槽号:0; 端口号:端口1; 类型:MRRU; :IR接口异常"", ""reason"": ""69""}, {""@rid"": ""#-1:388176d7-e14d-4d5c-a510-2b39ccbfc25b"", ""title"": ""射频单元IR接口异常告警"", ""location"": ""柜号:0; 框号:60; 槽号:0; 端口号:端口1; 类型:MRRU; :IR接口异常"", ""reason"": ""69""}]}"
87422129-7471-437b-bdfb-366f8b7dc4a2,"{""rootcause"": [{""@rid"": ""#-1:88e4839b-9b50-49f6-bfef-f723cb3347fe"", ""title"": ""RRU链路断"", ""location"": ""SubNetwork=1004,ManagedElement=1402823,Equipment=1,ReplaceableUnit=131"", ""reason"": ""RRU链路断""}]}"
875121ce-2945-40db-b876-d93fbc10bda4,"{""rootcause"": [{""@rid"": ""#-1:f2fd8e0d-09fc-4205-8c3a-bceb0b30b3be"", ""title"": ""设备掉电"", ""location"": ""SubNetwork=1003,ManagedElement=354066,Equipment=1,Rack=62,SubRack=1,Slot=1,PlugInUnit=1,SdrDeviceGroup=1"", ""reason"": ""1. 市电异常。\n2. 外部供电设备故障。""}, {""@rid"": ""#-1:467a9aef-b8c5-44e8-9423-52ef7121920c"", ""title"": ""设备掉电"", ""location"": ""SubNetwork=1003,ManagedElement=354066,Equipment=1,Rack=61,SubRack=1,Slot=1,PlugInUnit=1,SdrDeviceGroup=1"", ""reason"": ""1. 市电异常。\n2. 外部供电设备故障。""}, {""@rid"": ""#-1:6dffaa7e-26a3-4ec7-9e00-4a047f538420"", ""title"": ""设备掉电"", ""location"": ""SubNetwork=1003,ManagedElement=354066,Equipment=1,Rack=63,SubRack=1,Slot=1,PlugInUnit=1,SdrDeviceGroup=1"", ""reason"": ""1. 市电异常。\n2. 外部供电设备故障。""}]}"
876e190a-0dd7-4b53-a23d-9c6635e283aa,"{""rootcause"": [{""@rid"": ""#-1:b6a724ae-55df-4c85-abea-362c31a253be"", ""title"": ""射频单元驻波告警"", ""location"": ""柜号:0; 框号:174; 槽号:0; :0; 类型:MRRU; 告警(0.1):18; (0.1):18; 输出(0.1dBm):372; 端口:NULL"", ""reason"": ""516""}]}"
87cd827d-9164-4f58-a93e-dae6654b05a5,"{""rootcause"": [{""@rid"": ""#-1:447f1438-b304-4d6c-b92c-0cc0dc7aee87"", ""title"": ""天馈驻波比异常"", ""location"": ""SubNetwork=0,ManagedElement=3672804,Equipment=1,ReplaceableUnit=63,RfPort=ANT4"", ""reason"": ""天馈驻波比异常""}, {""@rid"": ""#-1:bb72c0fb-c355-4e3a-987d-aae6dc114fec"", ""title"": ""天馈驻波比异常"", ""location"": ""SubNetwork=0,ManagedElement=3672804,Equipment=1,ReplaceableUnit=54,RfPort=ANT3"", ""reason"": ""天馈驻波比异常""}]}"
890468b3-52db-42bb-b928-3484d797d51d,"{""rootcause"": [{""@rid"": ""#-1:0f69ff24-c511-4a55-8bb7-036151ca63b7"", ""title"": ""输入电源断"", ""location"": ""SubNetwork=CMCC-GZ-03,ManagedElement=12584406,Equipment=1,ReplaceableUnit=A_3"", ""reason"": ""外部掉电""}, {""@rid"": ""#-1:d8bd71aa-f5be-4d8d-8fb6-ff84a75fd7ac"", ""title"": ""输入电源断"", ""location"": ""SubNetwork=CMCC-GZ-03,ManagedElement=12584406,Equipment=1,ReplaceableUnit=A_2"", ""reason"": ""外部掉电""}, {""@rid"": ""#-1:ad3d37fc-3ff3-44fe-9716-7f9d9ec92c0e"", ""title"": ""输入电源断"", ""location"": ""SubNetwork=CMCC-GZ-03,ManagedElement=12584406,Equipment=1,ReplaceableUnit=A_1"", ""reason"": ""外部掉电""}]}"
8a2eca9e-2e8b-410c-823d-5745cd4a9f88,"{""rootcause"": [{""@rid"": ""#-1:2b7e98f2-c115-4e2f-b3fe-1a95fac7d969"", ""title"": ""光口接收链路故障"", ""location"": ""SubNetwork=1003,ManagedElement=78839,Equipment=1,Rack=51,SubRack=1,Slot=1,PlugInUnit=1,SdrDeviceGroup=1,FiberDeviceSet=1,FiberDevice=1"", ""reason"": ""1. 光纤/电缆损坏；\n2. 光纤/电缆端面污染；\n3. 本端或对端光/电模块或光纤/电缆没插好；\n4. 对端设备的光/电模块损坏；\n5. 光纤实际长度大于光模块支持的长度；\n6. 本端、对端的光模块速率不匹配；\n7. 对端设备工作异常。""}, {""@rid"": ""#-1:129f471d-8df9-4bfb-9b99-3ebcbe57608f"", ""title"": ""光口接收链路故障"", ""location"": ""SubNetwork=1003,ManagedElement=78839,Equipment=1,Rack=1,SubRack=1,Slot=9,PlugInUnit=1,SdrDeviceGroup=1,FiberDeviceSet=1,FiberDevice=0"", ""reason"": ""1. 光纤/电缆损坏；\n2. 光纤/电缆端面污染；\n3. 本端或对端光/电模块或光纤/电缆没插好；\n4. 对端设备的光/电模块损坏；\n5. 光纤实际长度大于光模块支持的长度；\n6. 本端、对端的光模块速率不匹配；\n7. 对端设备工作异常。""}]}"
8af50732-cb04-4d4c-af7e-042b2f480f6d,"{""rootcause"": [{""@rid"": ""#-1:cb6a3fd6-6af8-407b-9e10-b41cc43fbfc0"", ""title"": ""射频单元业务不可用告警"", ""location"": ""eNodeB名称:E4HL-D390054071TF; 本地:131; :TDD; 柜号:0; 框号:83; 槽号:0; NB-IoT:FALSE; eNodeB分:NULL; 名称:E4HL-D390054071TF-131; eNodeB:54071; :131; :CPRI"", ""reason"": ""509""}]}"
8b4266aa-8718-485d-825c-a6635e291d4e,"{""rootcause"": [{""@rid"": ""#-1:796c2f90-9047-4f99-a2dc-5282995fb743"", ""title"": ""设备掉电"", ""location"": ""SubNetwork=15,ManagedElement=446389,Equipment=1,Rack=54,SubRack=1,Slot=1,PlugInUnit=1,SdrDeviceGroup=1"", ""reason"": ""1. 市电异常。\n2. 外部供电设备故障。""}, {""@rid"": ""#-1:48d3777b-40a0-454c-bd86-567ce7c0ebac"", ""title"": ""设备掉电"", ""location"": ""SubNetwork=15,ManagedElement=446389,Equipment=1,Rack=59,SubRack=1,Slot=1,PlugInUnit=1,SdrDeviceGroup=1"", ""reason"": ""1. 市电异常。\n2. 外部供电设备故障。""}, {""@rid"": ""#-1:1240cc13-9422-4672-a861-d975450787a2"", ""title"": ""设备掉电"", ""location"": ""SubNetwork=15,ManagedElement=446389,Equipment=1,Rack=55,SubRack=1,Slot=1,PlugInUnit=1,SdrDeviceGroup=1"", ""reason"": ""1. 市电异常。\n2. 外部供电设备故障。""}, {""@rid"": ""#-1:cd31e840-ac2e-4195-9209-7bafd8cad9a2"", ""title"": ""设备掉电"", ""location"": ""SubNetwork=15,ManagedElement=446389,Equipment=1,Rack=51,SubRack=1,Slot=1,PlugInUnit=1,SdrDeviceGroup=1"", ""reason"": ""1. 市电异常。\n2. 外部供电设备故障。""}, {""@rid"": ""#-1:b9ded460-9854-4bde-97ff-b01fe42e2fe4"", ""title"": ""设备掉电"", ""location"": ""SubNetwork=15,ManagedElement=446389,Equipment=1,Rack=53,SubRack=1,Slot=1,PlugInUnit=1,SdrDeviceGroup=1"", ""reason"": ""1. 市电异常。\n2. 外部供电设备故障。""}]}"
8b6e841a-d9e6-4b0d-ad7d-935807539c7e,"{""rootcause"": [{""@rid"": ""#-1:e649949a-6854-4c71-9ab3-a176ed8b91bd"", ""title"": ""光口接收链路故障"", ""location"": ""SubNetwork=7,ManagedElement=173401,Equipment=1,Rack=1,SubRack=1,Slot=8,PlugInUnit=1,SdrDeviceGroup=1,FiberDeviceSet=1,FiberDevice=0"", ""reason"": ""1. 光纤/电缆损坏；\n2. 光纤/电缆端面污染；\n3. 本端或对端光/电模块或光纤/电缆没插好；\n4. 对端设备的光/电模块损坏；\n5. 光纤实际长度大于光模块支持的长度；\n6. 本端、对端的光模块速率不匹配；\n7. 对端设备工作异常。""}]}"
8babcf59-5140-4141-b760-224589e60521,"{""rootcause"": [{""@rid"": ""#-1:d8f18e8c-d9be-46e8-bf3f-3803bab0b175"", ""title"": ""RRU链路断"", ""location"": ""SubNetwork=1004,ManagedElement=1390922,Equipment=1,ReplaceableUnit=66"", ""reason"": ""RRU链路断""}, {""@rid"": ""#-1:8a79a8af-362a-4782-bfbb-81e58a78daac"", ""title"": ""RRU链路断"", ""location"": ""SubNetwork=1004,ManagedElement=1390922,Equipment=1,ReplaceableUnit=64"", ""reason"": ""RRU链路断""}, {""@rid"": ""#-1:05418efc-4b5d-4248-be2d-cdc2f4da3862"", ""title"": ""RRU链路断"", ""location"": ""SubNetwork=1004,ManagedElement=1390922,Equipment=1,ReplaceableUnit=65"", ""reason"": ""RRU链路断""}]}"
8be7d46e-70d6-414a-8ecf-a6137bf30ab5,"{""rootcause"": [{""@rid"": ""#-1:8b742429-5449-4d0f-8b4e-07d0f6e4f089"", ""title"": ""射频单元交流掉电告警"", ""location"": ""柜号:0; 框号:200; 槽号:0; 类型:MRRU"", ""reason"": ""551""}, {""@rid"": ""#-1:8eff1085-718d-4b4f-9c51-f6e6c8a45824"", ""title"": ""射频单元交流掉电告警"", ""location"": ""柜号:0; 框号:201; 槽号:0; 类型:MRRU"", ""reason"": ""551""}, {""@rid"": ""#-1:490f2ca2-978d-43a1-b803-85bb7f672eaa"", ""title"": ""射频单元交流掉电告警"", ""location"": ""柜号:0; 框号:207; 槽号:0; 类型:MRRU"", ""reason"": ""551""}, {""@rid"": ""#-1:cf6deeff-e6ff-4c33-9733-d35d999c3642"", ""title"": ""射频单元交流掉电告警"", ""location"": ""柜号:0; 框号:206; 槽号:0; 类型:MRRU"", ""reason"": ""551""}]}"
8c3acad4-a39c-4b06-958b-35181f21f89c,"{""rootcause"": [{""@rid"": ""#-1:140f0bda-644d-4f71-b5b4-52b9be71114c"", ""title"": ""输入电源断"", ""location"": ""SubNetwork=1004,ManagedElement=1404656,Equipment=1,ReplaceableUnit=75"", ""reason"": ""输入电源断""}, {""@rid"": ""#-1:fd34d1d3-8c38-4bbd-ac4e-acf5280216c4"", ""title"": ""输入电源断"", ""location"": ""SubNetwork=1004,ManagedElement=1404656,Equipment=1,ReplaceableUnit=74"", ""reason"": ""输入电源断""}]}"
8c62df71-6a6d-4805-93ee-256bc1e951b2,"{""rootcause"": [{""@rid"": ""#-1:9216f12e-a918-4679-b88f-41147683236b"", ""title"": ""设备掉电"", ""location"": ""sbn=0,NodeMe=474868,Equipment=1,rack=51,shelf=1,board=1"", ""reason"": ""1. 市电异常。\n2. 外部供电设备故障。""}]}"
8cf5d57e-d250-45f4-a282-33e44f9d7472,"{""rootcause"": [{""@rid"": ""#-1:f97e0557-dee7-4731-aa1e-6bfc9b9f1fbd"", ""title"": ""射频单元维护链路异常告警"", ""location"": ""柜号:0; 框号:152; 槽号:0; 类型:AIRU; :"", ""reason"": ""567""}]}"
8d3c1a17-4451-46dd-bf3c-7f84a64ebac4,"{""rootcause"": [{""@rid"": ""#-1:77b9cb67-8a9a-4f90-9b85-9eb156c55ff7"", ""title"": ""射频单元CPRI接口异常告警"", ""location"": ""柜号:0; 框号:175; 槽号:0; 端口号:端口1; 端口号:NULL; 类型:MRRU; :"", ""reason"": ""566""}]}"
8dac662e-5ffc-469b-ada5-8e0449b5c502,"{""rootcause"": [{""@rid"": ""#-1:966d0900-3d0b-4e6c-ba67-a8cb5c51248c"", ""title"": ""射频单元交流掉电告警"", ""location"": ""柜号:0; 框号:152; 槽号:0; 类型:MRRU"", ""reason"": ""551""}, {""@rid"": ""#-1:166636c5-1225-4f67-8f3b-9de6bf0a334c"", ""title"": ""BBU CPRI接口异常告警"", ""location"": ""柜号:0; 框号:0; 槽号:0; 端口号:2; 端口号:0; 类型:UBBP; :"", ""reason"": ""567""}]}"
8df78ab7-ca49-44f4-9fc2-1427cf850964,"{""rootcause"": [{""@rid"": ""#-1:035c60d5-eab4-43c9-ab1f-920eca60a16b"", ""title"": ""网元连接中断"", ""location"": ""网元名称:1595HL-D3900461366PT; 网元IP地址:100.92.10.245; 网元IP地址(IP Mode):NULL; 端口:6007; 错误:N/A; 信息:端口时; 分:MediationService0605; OMC IP:10.154.18.14"", ""reason"": ""718""}]}"
8e51a7bf-7819-4c8e-87fb-17b5aa1e0f39,"{""rootcause"": [{""@rid"": ""#-1:fd677fde-2081-4af4-9f5a-192981a68431"", ""title"": ""射频单元交流掉电告警"", ""location"": ""柜号:0; 框号:150; 槽号:0; 类型:MRRU"", ""reason"": ""551""}, {""@rid"": ""#-1:277298ad-2d52-4e66-af1d-fa365b3880bc"", ""title"": ""射频单元交流掉电告警"", ""location"": ""柜号:0; 框号:151; 槽号:0; 类型:MRRU"", ""reason"": ""551""}]}"
8e9801e5-40d3-4a77-963f-9dc0ee6569e3,"{""rootcause"": [{""@rid"": ""#-1:50a3bfe6-4a6d-4675-9b01-8580925178a6"", ""title"": ""射频单元IR接口异常告警"", ""location"": ""柜号:0; 框号:225; 槽号:0; 端口号:端口1; 类型:MRRU; :"", ""reason"": ""69""}]}"
8f410d14-ff38-42a8-8ce6-bf893ce46037,"{""rootcause"": [{""@rid"": ""#-1:4b738649-d523-4a2d-8679-5b582314a93f"", ""title"": ""网元连接中断"", ""location"": ""网元名称:121-H5W; 网元IP地址:10.252.11.42; 网元IP地址(IP Mode):NULL; 端口:6007; 错误:N/A; 信息:端口时; 分:MediationService5311; OMC IP:10.224.27.31"", ""reason"": ""718""}]}"
8f422668-5672-4295-a47c-53b1ae121158,"{""rootcause"": [{""@rid"": ""#-1:d4091ff9-c157-477d-a3cf-c0db8addac60"", ""title"": ""输入电源断"", ""location"": ""SubNetwork=5300,ManagedElement=2591785,Equipment=1,ReplaceableUnit=54"", ""reason"": ""外部掉电""}, {""@rid"": ""#-1:1b7079a3-bdb1-48d3-8d22-c4f5b6bc7a19"", ""title"": ""输入电源断"", ""location"": ""SubNetwork=5300,ManagedElement=2591785,Equipment=1,ReplaceableUnit=55"", ""reason"": ""外部掉电""}, {""@rid"": ""#-1:e099ef46-c8cb-4a69-9583-01b575775c33"", ""title"": ""输入电源断"", ""location"": ""SubNetwork=5300,ManagedElement=2591785,Equipment=1,ReplaceableUnit=56"", ""reason"": ""外部掉电""}, {""@rid"": ""#-1:d6420aec-fee7-4dbe-affe-462a946af4c8"", ""title"": ""输入电源断"", ""location"": ""SubNetwork=5300,ManagedElement=2622727,Equipment=1,ReplaceableUnit=54"", ""reason"": ""输入电源断""}]}"
8f73e1cf-c334-4f3b-aa08-78d25a9722f5,"{""rootcause"": [{""@rid"": ""#-1:aa7fa6f6-018e-4470-ab3c-430c077d8749"", ""title"": ""光模块接收光功率异常"", ""location"": ""SubNetwork=CMCC-GZ-03,ManagedElement=12655788,Equipment=1,ReplaceableUnit=VBP_1_6,RiPort=OF2"", ""reason"": ""光模块接收功率过低""}]}"
903321c1-e049-4230-924b-3dd8ed583a3a,"{""rootcause"": [{""@rid"": ""#-1:3ab4c675-25b5-4582-9d16-8162feded230"", ""title"": ""设备掉电"", ""location"": ""SubNetwork=5300,ManagedElement=595652,Equipment=1,Rack=55,SubRack=1,Slot=1,PlugInUnit=1,SdrDeviceGroup=1"", ""reason"": ""1. 市电异常。\n2. 外部供电设备故障。""}, {""@rid"": ""#-1:fb76c03f-4791-40c1-a2dd-eb8520a1faa9"", ""title"": ""设备掉电"", ""location"": ""SubNetwork=5300,ManagedElement=595652,Equipment=1,Rack=54,SubRack=1,Slot=1,PlugInUnit=1,SdrDeviceGroup=1"", ""reason"": ""1. 市电异常。\n2. 外部供电设备故障。""}]}"
90943a84-8068-4515-941a-36140d7e3e64,"{""rootcause"": [{""@rid"": ""#-1:e83ff002-b337-4d6a-883d-0fc6165e5a33"", ""title"": ""射频单元驻波告警"", ""location"": ""柜号:0; 框号:61; 槽号:0; :1; 类型:MRRU; 告警(0.1):18; (0.1):250; 输出(0.1dBm):311; 端口:NULL"", ""reason"": ""516""}]}"
91ff0556-3e3e-45c9-90ad-93e5fa61e2e3,"{""rootcause"": [{""@rid"": ""#-1:7bd883f4-f247-402e-b283-d621647c48a7"", ""title"": ""设备掉电"", ""location"": ""SubNetwork=1003,ManagedElement=88915,Equipment=1,Rack=61,SubRack=1,Slot=1,PlugInUnit=1,SdrDeviceGroup=1"", ""reason"": ""1. 市电异常。\n2. 外部供电设备故障。""}, {""@rid"": ""#-1:1dcbcdce-ad34-4c8f-bc38-b8be12bfd0e7"", ""title"": ""设备掉电"", ""location"": ""SubNetwork=1003,ManagedElement=88915,Equipment=1,Rack=62,SubRack=1,Slot=1,PlugInUnit=1,SdrDeviceGroup=1"", ""reason"": ""1. 市电异常。\n2. 外部供电设备故障。""}, {""@rid"": ""#-1:0e9cea10-0991-47b6-868e-3e36217601db"", ""title"": ""设备掉电"", ""location"": ""SubNetwork=1003,ManagedElement=88915,Equipment=1,Rack=63,SubRack=1,Slot=1,PlugInUnit=1,SdrDeviceGroup=1"", ""reason"": ""1. 市电异常。\n2. 外部供电设备故障。""}]}"
92627c19-0ecd-4223-8905-eb0702ea898c,"{""rootcause"": [{""@rid"": ""#-1:f98fa166-e049-4bd5-97a0-da8182ca480f"", ""title"": ""射频单元驻波告警"", ""location"": ""柜号:0; 框号:225; 槽号:0; :0; 类型:MRRU; 告警(0.1):30; (0.1):231; 输出(0.1dBm):365; 端口:NULL"", ""reason"": ""516""}]}"
9297ceb5-87f1-404c-ba5c-0d0a7adc8c52,"{""rootcause"": [{""@rid"": ""#-1:08f30d97-02ad-49c7-964a-2c88390b8ffc"", ""title"": ""射频单元直流掉电告警"", ""location"": ""柜号:0; 框号:176; 槽号:0; 类型:AIRU"", ""reason"": ""551""}, {""@rid"": ""#-1:582927ca-f2f7-400d-8eb0-0dc404068563"", ""title"": ""射频单元直流掉电告警"", ""location"": ""柜号:0; 框号:151; 槽号:0; 类型:AIRU"", ""reason"": ""551""}, {""@rid"": ""#-1:7a2c4eab-20d5-4e40-9c6d-232e9b17bfdd"", ""title"": ""射频单元直流掉电告警"", ""location"": ""柜号:0; 框号:175; 槽号:0; 类型:AIRU"", ""reason"": ""551""}, {""@rid"": ""#-1:adaf035c-85fc-4f39-a72a-3d0be2342757"", ""title"": ""射频单元直流掉电告警"", ""location"": ""柜号:0; 框号:152; 槽号:0; 类型:AIRU"", ""reason"": ""551""}, {""@rid"": ""#-1:938b6744-4337-4d71-ad53-9d76fbf1e970"", ""title"": ""射频单元直流掉电告警"", ""location"": ""柜号:0; 框号:150; 槽号:0; 类型:AIRU"", ""reason"": ""551""}, {""@rid"": ""#-1:53c05b5a-fd71-4500-826d-a63eb396b254"", ""title"": ""射频单元直流掉电告警"", ""location"": ""柜号:0; 框号:174; 槽号:0; 类型:AIRU"", ""reason"": ""551""}]}"
92a92614-cf76-453c-8c12-5ae46e06e3e1,"{""rootcause"": [{""@rid"": ""#-1:023e08c2-5e1e-455e-b397-76a0842d8212"", ""title"": ""网元连接中断"", ""location"": ""网元名称:5G东南1H; 网元IP地址:10.153.158.150; 网元IP地址(IP Mode):NULL; 端口:6007; 错误:N/A; 信息:端口时; 分:MediationService5710; OMC IP:10.224.27.35"", ""reason"": ""718""}]}"
93d405dc-6274-4bac-8830-a5b647569c3e,"{""rootcause"": [{""@rid"": ""#-1:e0565e52-003a-4f8a-8c6f-163e80550f1c"", ""title"": ""网元连接中断"", ""location"": ""网元名称:5G1H; 网元IP地址:10.178.9.106; 网元IP地址(IP Mode):NULL; 端口:6007; 错误:N/A; 信息:状态异常; 分:MediationService5409; OMC IP:10.224.27.32"", ""reason"": ""718""}]}"
93e5e4b2-705c-4f22-b4d9-f90b1bae9900,"{""rootcause"": [{""@rid"": ""#-1:11c13c09-7689-4e1f-a1fa-d2bb9c5ca134"", ""title"": ""RRU链路断"", ""location"": ""SubNetwork=5300,ManagedElement=2621542,Equipment=1,ReplaceableUnit=54"", ""reason"": ""RRU链路断""}]}"
9448ddd7-f090-40c2-a05f-f75575c91245,"{""rootcause"": [{""@rid"": ""#-1:6e29b8f0-228e-4e13-9258-f8bd99b6d06e"", ""title"": ""射频单元交流掉电告警"", ""location"": ""柜号:0; 框号:202; 槽号:0; 类型:MRRU"", ""reason"": ""551""}]}"
947bec57-c9f8-47ad-aa45-37cb9be6c798,"{""rootcause"": [{""@rid"": ""#-1:b894a7ec-dc86-4656-971a-c1b10121a044"", ""title"": ""光口接收链路故障"", ""location"": ""SubNetwork=5307,ManagedElement=802539,Equipment=1,Rack=1,SubRack=1,Slot=4,PlugInUnit=1,SdrDeviceGroup=1,FiberDeviceSet=1,FiberDevice=0"", ""reason"": ""1. 光纤/电缆损坏；\n2. 光纤/电缆端面污染；\n3. 本端或对端光/电模块或光纤/电缆没插好；\n4. 对端设备的光/电模块损坏；\n5. 光纤实际长度大于光模块支持的长度；\n6. 本端、对端的光模块速率不匹配；\n7. 对端设备工作异常。""}, {""@rid"": ""#-1:0e7fca62-ad3b-4f07-8ce1-089ce176d4b6"", ""title"": ""RRU链路断"", ""location"": ""SubNetwork=5307,ManagedElement=802539,Equipment=1,Rack=51,SubRack=1,Slot=1,PlugInUnit=1,SdrDeviceGroup=1"", ""reason"": ""1. BBU和RRU之间或者上下级RRU之间的光纤故障。\n2. RRU光模块或上联的BBU光模块故障。\n3. RRU未供电。\n4. BBU接口单板故障。\n5. RRU故障。\n6. lr端口线速率配置错误。\n7. 单板硬件自检。""}]}"
949caecf-d9b2-45f3-8a90-dd2085bbfcec,"{""rootcause"": [{""@rid"": ""#-1:5549abb5-acc6-4f92-a5cd-a1b519480f06"", ""title"": ""RRU链路断"", ""location"": ""SubNetwork=1003,ManagedElement=55381,Equipment=1,Rack=65,SubRack=1,Slot=1,PlugInUnit=1,SdrDeviceGroup=1"", ""reason"": ""1. BBU和RRU之间或者上下级RRU之间的光纤故障。\n2. RRU光模块或上联的BBU光模块故障。\n3. RRU未供电。\n4. BBU接口单板故障。\n5. RRU故障。\n6. lr端口线速率配置错误。\n7. 单板硬件自检。""}]}"
94e0dcac-a49d-47ac-ac89-fbeee49debf7,"{""rootcause"": [{""@rid"": ""#-1:ebaa608b-75ef-42f4-bf90-519bbabb29f2"", ""title"": ""RRU链路断"", ""location"": ""SubNetwork=1003,ManagedElement=17008,Equipment=1,Rack=61,SubRack=1,Slot=1,PlugInUnit=1,SdrDeviceGroup=1"", ""reason"": ""1. BBU和RRU之间或者上下级RRU之间的光纤故障。\n2. RRU光模块或上联的BBU光模块故障。\n3. RRU未供电。\n4. BBU接口单板故障。\n5. RRU故障。\n6. lr端口线速率配置错误。\n7. 单板硬件自检。""}]}"
955d7281-d616-42b9-b7ab-03607ab08371,"{""rootcause"": [{""@rid"": ""#-1:e7e10119-d7bf-46c8-ab4c-7fc30453fa58"", ""title"": ""输入电源断"", ""location"": ""SubNetwork=1004,ManagedElement=1413538,Equipment=1,ReplaceableUnit=62"", ""reason"": ""外部掉电""}, {""@rid"": ""#-1:ed1c9647-ff66-4e1d-bb1b-21073daf0ab3"", ""title"": ""输入电源断"", ""location"": ""SubNetwork=1004,ManagedElement=1413538,Equipment=1,ReplaceableUnit=63"", ""reason"": ""外部掉电""}, {""@rid"": ""#-1:c86904e1-d8c8-4fe1-b39f-1ac6f7b75904"", ""title"": ""输入电源断"", ""location"": ""SubNetwork=1004,ManagedElement=1413538,Equipment=1,ReplaceableUnit=61"", ""reason"": ""外部掉电""}]}"
959cb699-ad52-46bd-8562-cfa46d74928f,"{""rootcause"": [{""@rid"": ""#-1:c9a0d9d6-847b-4ce9-a1e5-3b2afbcbf55e"", ""title"": ""RRU链路断"", ""location"": ""sbn=0,NodeMe=394087,Equipment=1,rack=83,shelf=1,board=1"", ""reason"": ""1. BBU和RRU之间或者上下级RRU之间的光纤故障。\n2. RRU光模块或上联的BBU光模块故障。\n3. RRU未供电。\n4. BBU接口单板故障。\n5. RRU故障。\n6. lr端口线速率配置错误。\n7. 单板硬件自检。""}]}"
9607755d-b0d0-4ec0-b43f-c511de04f59f,"{""rootcause"": [{""@rid"": ""#-1:d88dc922-f197-4f8d-bbd4-cdb43dfd9021"", ""title"": ""RRU链路断"", ""location"": ""SubNetwork=CMCC-GZ-03,ManagedElement=12714441,Equipment=1,ReplaceableUnit=53"", ""reason"": ""RRU链路断""}]}"
96770f68-d78d-4a2a-8b73-43f95ffa3129,"{""rootcause"": [{""@rid"": ""#-1:f7e8d235-74bf-4ef7-bcdf-d79e14afceb5"", ""title"": ""设备掉电"", ""location"": ""SubNetwork=5308,ManagedElement=706937,Equipment=1,Rack=52,SubRack=1,Slot=1,PlugInUnit=1,SdrDeviceGroup=1"", ""reason"": ""1. 市电异常。\n2. 外部供电设备故障。""}]}"
9738b42a-7360-4763-8895-0e84599b4d60,"{""rootcause"": [{""@rid"": ""#-1:ffeb08c7-f8c1-4bd1-8ea7-a64d9fb0a6d6"", ""title"": ""射频单元直流掉电告警"", ""location"": ""柜号:0; 框号:152; 槽号:0; 类型:AIRU"", ""reason"": ""551""}, {""@rid"": ""#-1:18d342c5-d25e-45f4-9b1d-dcbdba1120bc"", ""title"": ""BBU CPRI接口异常告警"", ""location"": ""柜号:0; 框号:0; 槽号:4; 端口号:2; 端口号:0; 类型:UBBP; :"", ""reason"": ""567""}, {""@rid"": ""#-1:898f080e-40e1-42c7-84a0-05d7a3a7c5c3"", ""title"": ""BBU CPRI接口异常告警"", ""location"": ""柜号:0; 框号:0; 槽号:0; 端口号:2; 端口号:0; 类型:UBBP; :"", ""reason"": ""567""}]}"
97713572-e46d-4b7d-8aef-05d3bbe183dc,"{""rootcause"": [{""@rid"": ""#-1:dff79e04-5033-4d74-ac6d-36b87614bb76"", ""title"": ""RRU链路断"", ""location"": ""SubNetwork=1004,ManagedElement=1430519,Equipment=1,ReplaceableUnit=76"", ""reason"": ""RRU链路断""}]}"
97abcbdc-22c9-4c8a-872b-5f2f4ebb0e29,"{""rootcause"": [{""@rid"": ""#-1:be542b90-7afd-4cfe-8a63-9cd94de46931"", ""title"": ""天馈驻波比异常"", ""location"": ""sbn=0,NodeMe=474709,Equipment=1,rack=53,shelf=1,board=1"", ""reason"": ""1. 天馈线缆接头制作不合格、未拧紧、进水或存在金属碎屑等异物。\n2. 天馈线缆存在挤压、弯折，或馈缆损坏。\n3. 射频单元硬件故障。\n4. 天线对着障碍物。\n5. 驻波比告警门限过低。""}]}"
985daa54-23bc-4f8c-87b3-8e3766415e06,"{""rootcause"": [{""@rid"": ""#-1:d5b32d91-1a9d-4369-a43c-a78b1156d926"", ""title"": ""输入电源断"", ""location"": ""SubNetwork=1004,ManagedElement=1401017,Equipment=1,ReplaceableUnit=65"", ""reason"": ""外部掉电""}, {""@rid"": ""#-1:5bb95bd7-b94b-4ecf-8b39-381ed46f550c"", ""title"": ""输入电源断"", ""location"": ""SubNetwork=1004,ManagedElement=1401017,Equipment=1,ReplaceableUnit=66"", ""reason"": ""外部掉电""}, {""@rid"": ""#-1:2aaf7b39-0f19-40c0-a2b2-837f3df89088"", ""title"": ""输入电源断"", ""location"": ""SubNetwork=1004,ManagedElement=1401017,Equipment=1,ReplaceableUnit=64"", ""reason"": ""外部掉电""}]}"
98aafbf4-e316-425d-a5bb-6bc17ddc7776,"{""rootcause"": [{""@rid"": ""#-1:54b69ebf-4380-42cd-a0ae-2c74e3bba101"", ""title"": ""射频单元交流掉电告警"", ""location"": ""柜号:0; 框号:158; 槽号:0; 类型:MRRU"", ""reason"": ""551""}, {""@rid"": ""#-1:1122082d-8a8d-4d2a-b4bb-2d82eb574e4d"", ""title"": ""射频单元交流掉电告警"", ""location"": ""柜号:0; 框号:156; 槽号:0; 类型:MRRU"", ""reason"": ""551""}, {""@rid"": ""#-1:62ad9094-3195-4800-84b3-9e7ad7138593"", ""title"": ""射频单元交流掉电告警"", ""location"": ""柜号:0; 框号:174; 槽号:0; 类型:MRRU"", ""reason"": ""551""}, {""@rid"": ""#-1:c4529518-eccf-44fe-8d4d-01115f91ff40"", ""title"": ""射频单元交流掉电告警"", ""location"": ""柜号:0; 框号:157; 槽号:0; 类型:MRRU"", ""reason"": ""551""}, {""@rid"": ""#-1:af4dfdfb-7ebe-49cd-a72b-7bc1f7324414"", ""title"": ""射频单元交流掉电告警"", ""location"": ""柜号:0; 框号:152; 槽号:0; 类型:MRRU"", ""reason"": ""551""}, {""@rid"": ""#-1:c6ece5b8-67da-49e9-8d13-e505e94200d5"", ""title"": ""射频单元交流掉电告警"", ""location"": ""柜号:0; 框号:150; 槽号:0; 类型:MRRU"", ""reason"": ""551""}, {""@rid"": ""#-1:5c85d86a-855b-4a7f-a977-e1c4e1c76ad1"", ""title"": ""射频单元交流掉电告警"", ""location"": ""柜号:0; 框号:151; 槽号:0; 类型:MRRU"", ""reason"": ""551""}]}"
99640603-d515-4c2a-8c33-db456e5b5535,"{""rootcause"": [{""@rid"": ""#-1:55e1469a-4028-4acb-9349-62c165a6556b"", ""title"": ""输入电源断"", ""location"": ""SubNetwork=CMCC-GZ-04,ManagedElement=12714487,Equipment=1,ReplaceableUnit=57"", ""reason"": ""外部掉电""}]}"
99ab16fa-344f-4db1-985c-f723a799da21,"{""rootcause"": [{""@rid"": ""#-1:762ae0a8-62d9-4b4e-9b87-32ae5a0beeec"", ""title"": ""设备掉电"", ""location"": ""SubNetwork=5308,ManagedElement=831520,Equipment=1,Rack=70,SubRack=1,Slot=1,PlugInUnit=1,SdrDeviceGroup=1"", ""reason"": ""1. 市电异常。\n2. 外部供电设备故障。""}]}"
9a450bcc-058d-4fe0-be99-aaa6371ad2cd,"{""rootcause"": [{""@rid"": ""#-1:92c6996e-e4da-4394-9a19-f0a4469d6a3d"", ""title"": ""RRU链路断"", ""location"": ""SubNetwork=1004,ManagedElement=1430696,Equipment=1,ReplaceableUnit=61"", ""reason"": ""RRU链路断""}, {""@rid"": ""#-1:bf9bf60e-1227-4006-9ee6-91ccd54bf3e8"", ""title"": ""RRU链路断"", ""location"": ""SubNetwork=1004,ManagedElement=1430696,Equipment=1,ReplaceableUnit=62"", ""reason"": ""RRU链路断""}, {""@rid"": ""#-1:27094666-e0fb-435e-9ced-37034c7f8da7"", ""title"": ""RRU链路断"", ""location"": ""SubNetwork=1004,ManagedElement=1430696,Equipment=1,ReplaceableUnit=63"", ""reason"": ""RRU链路断""}]}"
9adc0ae9-f4d1-4084-b78a-1ee0ce83b3ab,"{""rootcause"": [{""@rid"": ""#-1:67086994-ef16-4d8b-8924-c32f100f6178"", ""title"": ""输入电源断"", ""location"": ""SubNetwork=5305,ManagedElement=2572828,Equipment=1,ReplaceableUnit=52"", ""reason"": ""外部掉电""}, {""@rid"": ""#-1:b73ec874-5e81-4451-8181-fdbc79712652"", ""title"": ""输入电源断"", ""location"": ""SubNetwork=5305,ManagedElement=2572828,Equipment=1,ReplaceableUnit=53"", ""reason"": ""外部掉电""}, {""@rid"": ""#-1:fff04f6f-1219-4003-8190-4fdb512cae55"", ""title"": ""输入电源断"", ""location"": ""SubNetwork=5305,ManagedElement=2572828,Equipment=1,ReplaceableUnit=51"", ""reason"": ""外部掉电""}, {""@rid"": ""#-1:773aeeaf-0881-4344-9e9b-846c3e3737c0"", ""title"": ""设备掉电"", ""location"": ""SubNetwork=5305,ManagedElement=715396,Equipment=1,Rack=53,SubRack=1,Slot=1,PlugInUnit=1,SdrDeviceGroup=1"", ""reason"": ""1. 市电异常。\n2. 外部供电设备故障。""}, {""@rid"": ""#-1:74562bc2-b108-4d87-933f-74f13fe5a072"", ""title"": ""设备掉电"", ""location"": ""SubNetwork=5305,ManagedElement=715396,Equipment=1,Rack=52,SubRack=1,Slot=1,PlugInUnit=1,SdrDeviceGroup=1"", ""reason"": ""1. 市电异常。\n2. 外部供电设备故障。""}, {""@rid"": ""#-1:132bae00-88e8-4fb1-80e7-ab30a53d9224"", ""title"": ""设备掉电"", ""location"": ""SubNetwork=5305,ManagedElement=715396,Equipment=1,Rack=51,SubRack=1,Slot=1,PlugInUnit=1,SdrDeviceGroup=1"", ""reason"": ""1. 市电异常。\n2. 外部供电设备故障。""}]}"
9bee00dd-ea65-456e-a2e5-dea97ed9c486,"{""rootcause"": [{""@rid"": ""#-1:12bd5d95-af42-4df1-b861-52540274bb75"", ""title"": ""射频单元维护链路异常告警"", ""location"": ""柜号:0; 框号:201; 槽号:0; 类型:AIRU; :"", ""reason"": ""567""}]}"
9bfc95a6-cd10-4120-8446-0f3010051c6b,"{""rootcause"": [{""@rid"": ""#-1:1f9e408f-a277-44ba-8681-924d8dadc3f8"", ""title"": ""射频单元CPRI接口异常告警"", ""location"": ""柜号:0; 框号:176; 槽号:0; 端口号:端口0; 端口号:0; 类型:AIRU; :MAC"", ""reason"": ""566""}]}"
9ca5e12f-f73f-472c-99b3-8e74c01272fe,"{""rootcause"": [{""@rid"": ""#-1:878ee284-26b7-41c1-b7dc-47e528d71504"", ""title"": ""温度异常"", ""location"": ""SubNetwork=61,ManagedElement=873314,Equipment=1,Rack=1,SubRack=1,Slot=12,PlugInUnit=1,SdrDeviceGroup=1"", ""reason"": ""1. 环境温度超过阈值。\n2. 进风口或者防尘网堵塞。\n3. 风扇故障。\n4. 假面板未插。\n5. 风扇扇热能力不足。""}]}"
9d4b51a7-8af2-45a6-ab8f-9c36639171e3,"{""rootcause"": [{""@rid"": ""#-1:1c19c096-b7ef-43a5-b848-78854f6d8709"", ""title"": ""单板硬件故障告警"", ""location"": ""柜号:0; 框号:0; 槽号:5; 类型:UBBP; :"", ""reason"": ""509""}]}"
9d610935-81e2-4438-bc80-9c6b9379f226,"{""rootcause"": [{""@rid"": ""#-1:6aed3700-f681-4b10-a400-ca841d32281e"", ""title"": ""射频单元驻波告警"", ""location"": ""柜号:0; 框号:201; 槽号:0; :1; 类型:MRRU; 告警(0.1):20; (0.1):20; 输出(0.1dBm):324; 端口:NULL"", ""reason"": ""516""}]}"
9d880e01-f28d-4ce9-86bb-698db5a26d21,"{""rootcause"": [{""@rid"": ""#-1:10575045-4682-4bfc-93f3-57e12a2e1276"", ""title"": ""射频单元驻波告警"", ""location"": ""柜号:0; 框号:202; 槽号:0; :0; 类型:MRRU; 告警(0.1):30; (0.1):55; 输出(0.1dBm):287; 端口:NULL"", ""reason"": ""516""}]}"
9da30e27-baf6-4f5f-9b70-f00b5dd45a2c,"{""rootcause"": [{""@rid"": ""#-1:ec496646-d859-4feb-963e-01a15a90b86c"", ""title"": ""设备掉电"", ""location"": ""SubNetwork=5301,ManagedElement=296669,Equipment=1,Rack=61,SubRack=1,Slot=1,PlugInUnit=1,SdrDeviceGroup=1"", ""reason"": ""1. 市电异常。\n2. 外部供电设备故障。""}, {""@rid"": ""#-1:60d7bcf0-be57-4338-9fbb-09b2dbc970a4"", ""title"": ""设备掉电"", ""location"": ""SubNetwork=5301,ManagedElement=296669,Equipment=1,Rack=63,SubRack=1,Slot=1,PlugInUnit=1,SdrDeviceGroup=1"", ""reason"": ""1. 市电异常。\n2. 外部供电设备故障。""}, {""@rid"": ""#-1:715bd918-bfb7-4de7-8048-f5114c149847"", ""title"": ""设备掉电"", ""location"": ""SubNetwork=5301,ManagedElement=296669,Equipment=1,Rack=62,SubRack=1,Slot=1,PlugInUnit=1,SdrDeviceGroup=1"", ""reason"": ""1. 市电异常。\n2. 外部供电设备故障。""}, {""@rid"": ""#-1:f1bfbe1c-b5b1-4589-82c6-b428085e127b"", ""title"": ""设备掉电"", ""location"": ""SubNetwork=5306,ManagedElement=831002,Equipment=1,Rack=51,SubRack=1,Slot=1,PlugInUnit=1,SdrDeviceGroup=1"", ""reason"": ""1. 市电异常。\n2. 外部供电设备故障。""}, {""@rid"": ""#-1:1f2390e0-a96c-469b-af02-30c0203bb964"", ""title"": ""设备掉电"", ""location"": ""SubNetwork=5306,ManagedElement=831002,Equipment=1,Rack=52,SubRack=1,Slot=1,PlugInUnit=1,SdrDeviceGroup=1"", ""reason"": ""1. 市电异常。\n2. 外部供电设备故障。""}, {""@rid"": ""#-1:322797e4-9b29-427f-b659-3341ade1584b"", ""title"": ""设备掉电"", ""location"": ""SubNetwork=5306,ManagedElement=831002,Equipment=1,Rack=53,SubRack=1,Slot=1,PlugInUnit=1,SdrDeviceGroup=1"", ""reason"": ""1. 市电异常。\n2. 外部供电设备故障。""}]}"
9dbb9c42-aefe-4501-b243-e9f88c4f61a4,"{""rootcause"": [{""@rid"": ""#-1:efb112ab-ea97-4648-a7bb-b203945feee8"", ""title"": ""输入电源断"", ""location"": ""SubNetwork=1004,ManagedElement=1403154,Equipment=1,ReplaceableUnit=66"", ""reason"": ""外部掉电""}, {""@rid"": ""#-1:e1bb7ce4-46d4-4260-b931-f784cfb691f5"", ""title"": ""输入电源断"", ""location"": ""SubNetwork=1004,ManagedElement=1403154,Equipment=1,ReplaceableUnit=64"", ""reason"": ""外部掉电""}, {""@rid"": ""#-1:73117df8-c7a4-46bf-90f5-40f7ca39b128"", ""title"": ""输入电源断"", ""location"": ""SubNetwork=1004,ManagedElement=1403154,Equipment=1,ReplaceableUnit=65"", ""reason"": ""外部掉电""}]}"
9de54504-da45-4476-b742-0a633856b7f3,"{""rootcause"": [{""@rid"": ""#-1:ee4a019f-8aaf-4a65-8242-b5bddeed8b8c"", ""title"": ""设备掉电"", ""location"": ""SubNetwork=5307,ManagedElement=831714,Equipment=1,Rack=51,SubRack=1,Slot=1,PlugInUnit=1,SdrDeviceGroup=1"", ""reason"": ""1. 市电异常。\n2. 外部供电设备故障。""}, {""@rid"": ""#-1:38adb57e-bf28-4511-b517-d9ad98e59fe6"", ""title"": ""设备掉电"", ""location"": ""SubNetwork=5307,ManagedElement=831714,Equipment=1,Rack=54,SubRack=1,Slot=1,PlugInUnit=1,SdrDeviceGroup=1"", ""reason"": ""1. 市电异常。\n2. 外部供电设备故障。""}, {""@rid"": ""#-1:b329a9fd-610d-41e5-9728-7c2bad293798"", ""title"": ""设备掉电"", ""location"": ""SubNetwork=5307,ManagedElement=831714,Equipment=1,Rack=53,SubRack=1,Slot=1,PlugInUnit=1,SdrDeviceGroup=1"", ""reason"": ""1. 市电异常。\n2. 外部供电设备故障。""}, {""@rid"": ""#-1:ba66809f-e762-420b-a71a-e262e549411c"", ""title"": ""设备掉电"", ""location"": ""SubNetwork=5307,ManagedElement=831714,Equipment=1,Rack=52,SubRack=1,Slot=1,PlugInUnit=1,SdrDeviceGroup=1"", ""reason"": ""1. 市电异常。\n2. 外部供电设备故障。""}, {""@rid"": ""#-1:72ccff24-8e4b-4b41-851c-28eb26838d4a"", ""title"": ""设备掉电"", ""location"": ""SubNetwork=5307,ManagedElement=297315,Equipment=1,Rack=54,SubRack=1,Slot=1,PlugInUnit=1,SdrDeviceGroup=1"", ""reason"": ""1. 市电异常。\n2. 外部供电设备故障。""}]}"
9ec87ddd-5d9d-41b1-b831-b19f5dd47e8f,"{""rootcause"": [{""@rid"": ""#-1:6bf1248e-936c-426d-a933-2882f107a0a0"", ""title"": ""RRU链路断"", ""location"": ""SubNetwork=CMCC-GZ-02,ManagedElement=12651426,Equipment=1,ReplaceableUnit=51"", ""reason"": ""RRU链路断""}]}"
9edf5fc9-4ffc-4b68-8dae-cc1ca97b41f3,"{""rootcause"": [{""@rid"": ""#-1:1ef65ab7-4cb0-42e6-933f-856efc1b8d48"", ""title"": ""设备掉电"", ""location"": ""sbn=7312,NodeMe=474987,Equipment=1,rack=51,shelf=1,board=1"", ""reason"": ""1. 市电异常。\n2. 外部供电设备故障。""}, {""@rid"": ""#-1:0eacea05-4f51-40f3-9c40-d224f18abf91"", ""title"": ""设备掉电"", ""location"": ""sbn=7312,NodeMe=474987,Equipment=1,rack=52,shelf=1,board=1"", ""reason"": ""1. 市电异常。\n2. 外部供电设备故障。""}, {""@rid"": ""#-1:efa0e091-a821-49e8-b504-cca305d34efc"", ""title"": ""光模块不可用"", ""location"": ""sbn=7312,NodeMe=474987,Equipment=1,rack=1,shelf=1,board=9"", ""reason"": ""1. 没有插入光/电模块。\n2. 光/电模块接插不到位。\n3. 光/电模块污染导致接触不良。\n4. 光/电模块损坏。\n5. 光/电模块插口损坏。""}]}"
9ee3d03f-a00d-4a46-b88a-eeb857a937a6,"{""rootcause"": [{""@rid"": ""#-1:3e534e3c-d2ae-4a9b-8061-dcc4f37ce75b"", ""title"": ""单板硬件故障告警"", ""location"": ""柜号:0; 框号:0; 槽号:6; 类型:UMPT; :"", ""reason"": ""509""}]}"
9eec9654-7969-4790-a16e-c2c16bb0c961,"{""rootcause"": [{""@rid"": ""#-1:6bdd5309-3fa7-4604-a847-00a9095d7ab7"", ""title"": ""设备掉电"", ""location"": ""SubNetwork=5308,ManagedElement=832633,Equipment=1,Rack=51,SubRack=1,Slot=1,PlugInUnit=1,SdrDeviceGroup=1"", ""reason"": ""1. 市电异常。\n2. 外部供电设备故障。""}]}"
9f309a7d-e211-451b-975d-f25463fff535,"{""rootcause"": [{""@rid"": ""#-1:134dbc88-2a65-42eb-bdab-89d32415cf47"", ""title"": ""射频单元IR接口异常告警"", ""location"": ""柜号:0; 框号:224; 槽号:0; 端口号:端口1; 类型:MRRU; :IR接口异常"", ""reason"": ""69""}]}"
9fa641f5-aac4-48a7-9e23-cc83981f5b87,"{""rootcause"": [{""@rid"": ""#-1:e6b45469-6b84-49d0-82d6-ca18bd4bcf52"", ""title"": ""射频单元驻波告警"", ""location"": ""柜号:0; 框号:91; 槽号:0; :0; 类型:MRRU; 告警(0.1):18; (0.1):18; 输出(0.1dBm):341; 端口:NULL"", ""reason"": ""516""}]}"
a033b4cb-5ec3-4780-a4ef-5cc479367980,"{""rootcause"": [{""@rid"": ""#-1:59bf9176-3b5c-43fc-be1f-f0810799a482"", ""title"": ""RRU链路断"", ""location"": ""sbn=7312,NodeMe=984391,Equipment=1,rack=52,shelf=1,board=1"", ""reason"": ""1. BBU和RRU之间或者上下级RRU之间的光纤故障。\n2. RRU光模块或上联的BBU光模块故障。\n3. RRU未供电。\n4. BBU接口单板故障。\n5. RRU故障。\n6. lr端口线速率配置错误。\n7. 单板硬件自检。""}]}"
a06225c6-4076-4c8a-b0aa-f9ea4a2f8fd6,"{""rootcause"": [{""@rid"": ""#-1:d8560026-d6c3-48c8-8f7a-c0809c766b9c"", ""title"": ""输入电源断"", ""location"": ""SubNetwork=CMCC-GZ-03,ManagedElement=12784132,Equipment=1"", ""reason"": ""外部供电异常""}]}"
a1441770-8bb4-4b23-8c05-c243b34050d1,"{""rootcause"": [{""@rid"": ""#-1:0e3e363c-a81a-4821-bb69-35872d77581f"", ""title"": ""RRU链路断"", ""location"": ""SubNetwork=5300,ManagedElement=706966,Equipment=1,Rack=53,SubRack=1,Slot=1,PlugInUnit=1,SdrDeviceGroup=1"", ""reason"": ""1. BBU和RRU之间或者上下级RRU之间的光纤故障。\n2. RRU光模块或上联的BBU光模块故障。\n3. RRU未供电。\n4. BBU接口单板故障。\n5. RRU故障。\n6. lr端口线速率配置错误。\n7. 单板硬件自检。""}]}"
a1a04472-308e-4c63-9eba-28ae00fb426c,"{""rootcause"": [{""@rid"": ""#-1:c02ae60c-0f89-4f4c-8e23-c6df0d66766f"", ""title"": ""BBU CPRI接口异常告警"", ""location"": ""柜号:0; 框号:0; 槽号:0; 端口号:2; 端口号:0; 类型:UBBP; :"", ""reason"": ""567""}]}"
a1aec670-550d-4abb-bd10-dadfd29f6635,"{""rootcause"": [{""@rid"": ""#-1:93d1650f-726b-437e-8261-9fbca614914a"", ""title"": ""射频单元直流掉电告警"", ""location"": ""柜号:0; 框号:92; 槽号:0; 类型:MRRU"", ""reason"": ""551""}, {""@rid"": ""#-1:3152c29a-e85f-45aa-aca4-4970e4ffa9dc"", ""title"": ""射频单元直流掉电告警"", ""location"": ""柜号:0; 框号:91; 槽号:0; 类型:MRRU"", ""reason"": ""551""}]}"
a21013ce-d5b6-49a0-a7be-91166817cf6c,"{""rootcause"": [{""@rid"": ""#-1:c75f1503-e83b-4b1b-b0e6-ed3f315cc57c"", ""title"": ""射频单元IR接口异常告警"", ""location"": ""柜号:0; 框号:206; 槽号:0; 端口号:端口0; 类型:MRRU; :IR接口异常"", ""reason"": ""69""}]}"
a3645153-27f5-4b8c-9e3a-bc84cfd7c653,"{""rootcause"": [{""@rid"": ""#-1:65a69be9-a33c-45a9-a6c7-60bf2eaf1af7"", ""title"": ""射频单元交流掉电告警"", ""location"": ""柜号:0; 框号:112; 槽号:0; 类型:MRRU"", ""reason"": ""551""}, {""@rid"": ""#-1:f2480c08-1569-4441-9e10-a7f10dda24c6"", ""title"": ""射频单元交流掉电告警"", ""location"": ""柜号:0; 框号:113; 槽号:0; 类型:MRRU"", ""reason"": ""551""}, {""@rid"": ""#-1:143f3cdf-100d-4f02-a871-f964a88f7fbb"", ""title"": ""射频单元交流掉电告警"", ""location"": ""柜号:0; 框号:111; 槽号:0; 类型:MRRU"", ""reason"": ""551""}, {""@rid"": ""#-1:814c6005-9b83-4ecd-9ace-a4338f3203a3"", ""title"": ""射频单元直流掉电告警"", ""location"": ""柜号:0; 框号:150; 槽号:0; 类型:AIRU"", ""reason"": ""551""}, {""@rid"": ""#-1:fe0aed2a-0446-4bba-8836-7bf35d20cd0b"", ""title"": ""射频单元直流掉电告警"", ""location"": ""柜号:0; 框号:152; 槽号:0; 类型:AIRU"", ""reason"": ""551""}]}"
a55e5ceb-3ee4-43ea-9893-8c9394e436c8,"{""rootcause"": [{""@rid"": ""#-1:6270ca6f-2292-42f9-913b-4ffc1deb5c3f"", ""title"": ""网元连接中断"", ""location"": ""网元名称:5G南1H; 网元IP地址:10.178.8.146; 网元IP地址(IP Mode):NULL; 端口:6007; 错误:N/A; 信息:端口时; 分:MediationService5809; OMC IP:10.224.27.36"", ""reason"": ""718""}]}"
a55f3313-8f2d-40b7-8566-723924868ef8,"{""rootcause"": [{""@rid"": ""#-1:52c9eb3c-34f1-4ef8-8a1e-1b479ca0a752"", ""title"": ""输入电源断"", ""location"": ""SubNetwork=CMCC-GZ-02,ManagedElement=12651741,Equipment=1,ReplaceableUnit=51"", ""reason"": ""输入电源断""}, {""@rid"": ""#-1:afc1b37c-c1ba-48eb-94c8-9bc63b6a9230"", ""title"": ""输入电源断"", ""location"": ""SubNetwork=CMCC-GZ-02,ManagedElement=12651741,Equipment=1,ReplaceableUnit=52"", ""reason"": ""输入电源断""}, {""@rid"": ""#-1:7bd2854d-6057-436e-a441-5750a4b23554"", ""title"": ""输入电源断"", ""location"": ""SubNetwork=CMCC-GZ-02,ManagedElement=12651741,Equipment=1,ReplaceableUnit=53"", ""reason"": ""输入电源断""}]}"
a65f5b2f-3ce9-4019-bf17-38e197a652ea,"{""rootcause"": [{""@rid"": ""#-1:01794b25-7b4e-4834-968d-c4bd7196c860"", ""title"": ""光口链路故障"", ""location"": ""SubNetwork=1004,ManagedElement=1390983,Equipment=1,ReplaceableUnit=VBP_1_8,RiPort=OF1"", ""reason"": ""光口链路故障""}]}"
a6ae9c3c-c787-47e0-abf0-d610533dc2a0,"{""rootcause"": [{""@rid"": ""#-1:6db1304b-0a1b-4074-8533-a9a557649be2"", ""title"": ""光口链路故障"", ""location"": ""SubNetwork=CMCC-GZ-02,ManagedElement=12588010,Equipment=1,ReplaceableUnit=B_1_8,RiPort=OF1"", ""reason"": ""光口链路故障""}, {""@rid"": ""#-1:548e8ab0-83be-4f5c-986e-646215ccdd87"", ""title"": ""光模块接收光功率异常"", ""location"": ""SubNetwork=CMCC-GZ-02,ManagedElement=12588010,Equipment=1,ReplaceableUnit=B_1_8,RiPort=OF2"", ""reason"": ""光模块接收功率过低""}, {""@rid"": ""#-1:e4669a1b-2019-4a84-8dc2-c08608393ef8"", ""title"": ""光模块接收光功率异常"", ""location"": ""SubNetwork=CMCC-GZ-02,ManagedElement=12588010,Equipment=1,ReplaceableUnit=B_1_8,RiPort=OF3"", ""reason"": ""光模块接收功率过低""}]}"
a889ab21-690a-4a7b-91e5-81f3e79d0ff1,"{""rootcause"": [{""@rid"": ""#-1:cd303b5f-1c34-4b14-8483-6cc5325185e6"", ""title"": ""RRU链路断"", ""location"": ""SubNetwork=5304,ManagedElement=802437,Equipment=1,Rack=58,SubRack=1,Slot=1,PlugInUnit=1,SdrDeviceGroup=1"", ""reason"": ""1. BBU和RRU之间或者上下级RRU之间的光纤故障。\n2. RRU光模块或上联的BBU光模块故障。\n3. RRU未供电。\n4. BBU接口单板故障。\n5. RRU故障。\n6. lr端口线速率配置错误。\n7. 单板硬件自检。""}, {""@rid"": ""#-1:115bca60-2b17-403f-98eb-48e8ea0c281c"", ""title"": ""RRU链路断"", ""location"": ""SubNetwork=5304,ManagedElement=802437,Equipment=1,Rack=59,SubRack=1,Slot=1,PlugInUnit=1,SdrDeviceGroup=1"", ""reason"": ""1. BBU和RRU之间或者上下级RRU之间的光纤故障。\n2. RRU光模块或上联的BBU光模块故障。\n3. RRU未供电。\n4. BBU接口单板故障。\n5. RRU故障。\n6. lr端口线速率配置错误。\n7. 单板硬件自检。""}, {""@rid"": ""#-1:8dca7017-dc33-481d-a64d-8e0ca1ddd68e"", ""title"": ""RRU链路断"", ""location"": ""SubNetwork=5304,ManagedElement=802437,Equipment=1,Rack=57,SubRack=1,Slot=1,PlugInUnit=1,SdrDeviceGroup=1"", ""reason"": ""1. BBU和RRU之间或者上下级RRU之间的光纤故障。\n2. RRU光模块或上联的BBU光模块故障。\n3. RRU未供电。\n4. BBU接口单板故障。\n5. RRU故障。\n6. lr端口线速率配置错误。\n7. 单板硬件自检。""}, {""@rid"": ""#-1:d22684fe-4527-466b-a731-b05bf74e8e27"", ""title"": ""RRU链路断"", ""location"": ""SubNetwork=5304,ManagedElement=177646,Equipment=1,Rack=55,SubRack=1,Slot=1,PlugInUnit=1,SdrDeviceGroup=1"", ""reason"": ""1. BBU和RRU之间或者上下级RRU之间的光纤故障。\n2. RRU光模块或上联的BBU光模块故障。\n3. RRU未供电。\n4. BBU接口单板故障。\n5. RRU故障。\n6. lr端口线速率配置错误。\n7. 单板硬件自检。""}, {""@rid"": ""#-1:f3aa8c07-4fc7-4f70-ad32-8f791d05475e"", ""title"": ""RRU链路断"", ""location"": ""SubNetwork=5304,ManagedElement=177646,Equipment=1,Rack=54,SubRack=1,Slot=1,PlugInUnit=1,SdrDeviceGroup=1"", ""reason"": ""1. BBU和RRU之间或者上下级RRU之间的光纤故障。\n2. RRU光模块或上联的BBU光模块故障。\n3. RRU未供电。\n4. BBU接口单板故障。\n5. RRU故障。\n6. lr端口线速率配置错误。\n7. 单板硬件自检。""}, {""@rid"": ""#-1:f2223e16-c574-4750-8bb0-3624418f882b"", ""title"": ""RRU链路断"", ""location"": ""SubNetwork=5304,ManagedElement=2621634,Equipment=1,ReplaceableUnit=56"", ""reason"": ""RRU链路断""}]}"
aa321b94-f3d9-45cf-b1ee-f3a1fe38da68,"{""rootcause"": [{""@rid"": ""#-1:dab0445c-e5d2-4336-8694-4e271b8b1117"", ""title"": ""RRU链路断"", ""location"": ""SubNetwork=1003,ManagedElement=78839,Equipment=1,Rack=51,SubRack=1,Slot=1,PlugInUnit=1,SdrDeviceGroup=1"", ""reason"": ""1. BBU和RRU之间或者上下级RRU之间的光纤故障。2. RRU光模块或上联的BBU光模块故障。3. RRU未供电。4. BBU接口单板故障。5. RRU故障。6. lr端口线速率配置错误。7. 单板硬件自检。""}]}"
aa47b8a9-39e3-4a8f-8ab7-717dfe994ec9,"{""rootcause"": [{""@rid"": ""#-1:92c3174d-ab3d-4b0c-a67d-473e4d287041"", ""title"": ""射频单元IR接口异常告警"", ""location"": ""柜号:0; 框号:175; 槽号:0; 端口号:端口0; 类型:MRRU; :IR接口异常"", ""reason"": ""69""}]}"
aa54ba78-924a-45c7-a182-d8d100b3d130,"{""rootcause"": [{""@rid"": ""#-1:be084f41-d9ff-4969-9574-ace00651db1c"", ""title"": ""设备掉电"", ""location"": ""SubNetwork=5300,ManagedElement=594711,Equipment=1,Rack=61,SubRack=1,Slot=1,PlugInUnit=1,SdrDeviceGroup=1"", ""reason"": ""1. 市电异常。\n2. 外部供电设备故障。""}, {""@rid"": ""#-1:e8fce4fe-875b-4c40-9de6-77ba54e4e1ec"", ""title"": ""设备掉电"", ""location"": ""SubNetwork=5300,ManagedElement=594711,Equipment=1,Rack=56,SubRack=1,Slot=1,PlugInUnit=1,SdrDeviceGroup=1"", ""reason"": ""1. 市电异常。\n2. 外部供电设备故障。""}, {""@rid"": ""#-1:b59d18a4-4e7b-41d6-9a02-a95288f2e7d3"", ""title"": ""设备掉电"", ""location"": ""SubNetwork=5300,ManagedElement=594711,Equipment=1,Rack=60,SubRack=1,Slot=1,PlugInUnit=1,SdrDeviceGroup=1"", ""reason"": ""1. 市电异常。\n2. 外部供电设备故障。""}, {""@rid"": ""#-1:c4c4f698-c380-4a47-bb64-b82191186e47"", ""title"": ""设备掉电"", ""location"": ""SubNetwork=5307,ManagedElement=295505,Equipment=1,Rack=56,SubRack=1,Slot=1,PlugInUnit=1,SdrDeviceGroup=1"", ""reason"": ""1. 市电异常。\n2. 外部供电设备故障。""}, {""@rid"": ""#-1:f1f3b0c8-e761-4a18-b447-73f17210b0bf"", ""title"": ""设备掉电"", ""location"": ""SubNetwork=5307,ManagedElement=295506,Equipment=1,Rack=58,SubRack=1,Slot=1,PlugInUnit=1,SdrDeviceGroup=1"", ""reason"": ""1. 市电异常。\n2. 外部供电设备故障。""}, {""@rid"": ""#-1:072cd141-f607-4e6c-aa6f-97d204285259"", ""title"": ""设备掉电"", ""location"": ""SubNetwork=5307,ManagedElement=295506,Equipment=1,Rack=60,SubRack=1,Slot=1,PlugInUnit=1,SdrDeviceGroup=1"", ""reason"": ""1. 市电异常。\n2. 外部供电设备故障。""}, {""@rid"": ""#-1:f6307913-eba3-4fee-b846-1fc3579d1ac3"", ""title"": ""设备掉电"", ""location"": ""SubNetwork=5307,ManagedElement=295506,Equipment=1,Rack=56,SubRack=1,Slot=1,PlugInUnit=1,SdrDeviceGroup=1"", ""reason"": ""1. 市电异常。\n2. 外部供电设备故障。""}, {""@rid"": ""#-1:299f8f5c-85c1-42d5-9896-4ff07da6751b"", ""title"": ""设备掉电"", ""location"": ""SubNetwork=5307,ManagedElement=295505,Equipment=1,Rack=58,SubRack=1,Slot=1,PlugInUnit=1,SdrDeviceGroup=1"", ""reason"": ""1. 市电异常。\n2. 外部供电设备故障。""}]}"
aa6004a0-dce5-4a51-87dd-9efcbf1abd8b,"{""rootcause"": [{""@rid"": ""#-1:ba2336d7-65b1-49b9-bfb6-d29ed26648f8"", ""title"": ""设备掉电"", ""location"": ""SubNetwork=1003,ManagedElement=495545,Equipment=1,Rack=54,SubRack=1,Slot=1,PlugInUnit=1,SdrDeviceGroup=1"", ""reason"": ""1. 市电异常。2. 外部供电设备故障。""}, {""@rid"": ""#-1:8d1758dc-5ae0-400a-b152-72e80befffcf"", ""title"": ""设备掉电"", ""location"": ""SubNetwork=1003,ManagedElement=495545,Equipment=1,Rack=51,SubRack=1,Slot=1,PlugInUnit=1,SdrDeviceGroup=1"", ""reason"": ""1. 市电异常。2. 外部供电设备故障。""}, {""@rid"": ""#-1:79cdcd95-e4a5-4353-8118-5d837fa15b98"", ""title"": ""设备掉电"", ""location"": ""SubNetwork=1003,ManagedElement=495545,Equipment=1,Rack=52,SubRack=1,Slot=1,PlugInUnit=1,SdrDeviceGroup=1"", ""reason"": ""1. 市电异常。2. 外部供电设备故障。""}]}"
aa7337a0-2a49-47c6-8993-3e31dfc29af9,"{""rootcause"": [{""@rid"": ""#-1:da99e66d-40e4-4edc-9892-490414a04064"", ""title"": ""设备掉电"", ""location"": ""SubNetwork=5308,ManagedElement=715351,Equipment=1,Rack=55,SubRack=1,Slot=1,PlugInUnit=1,SdrDeviceGroup=1"", ""reason"": ""1. 市电异常。\n2. 外部供电设备故障。""}]}"
aa73aeaa-5b9f-4c19-a29d-2ee4bb6e333c,"{""rootcause"": [{""@rid"": ""#-1:fcddd156-12ef-4b28-8d5e-5bc97f07c77d"", ""title"": ""输入电源断"", ""location"": ""SubNetwork=1004,ManagedElement=1394761,Equipment=1,ReplaceableUnit=65"", ""reason"": ""外部掉电""}, {""@rid"": ""#-1:f556ecd5-fcb5-46ed-8639-51ddc4babf3c"", ""title"": ""输入电源断"", ""location"": ""SubNetwork=1004,ManagedElement=1394761,Equipment=1,ReplaceableUnit=64"", ""reason"": ""外部掉电""}, {""@rid"": ""#-1:9729ac82-cd82-4e44-b417-4a4e12104a91"", ""title"": ""输入电源断"", ""location"": ""SubNetwork=1004,ManagedElement=1394761,Equipment=1,ReplaceableUnit=66"", ""reason"": ""外部掉电""}]}"
aae39450-f882-42ce-a9d6-f8289720d3b8,"{""rootcause"": [{""@rid"": ""#-1:74d73cee-a935-48e2-9b0c-75c0dfbc219d"", ""title"": ""射频单元交流掉电告警"", ""location"": ""柜号:0; 框号:200; 槽号:0; 类型:MRRU"", ""reason"": ""551""}]}"
aafb8ca2-c233-4106-a5a7-36dff0af242e,"{""rootcause"": [{""@rid"": ""#-1:66f8682f-362f-49dd-8e0e-c3b9ba93bc7b"", ""title"": ""射频单元驻波告警"", ""location"": ""柜号:0; 框号:174; 槽号:0; :0; 类型:MRRU; 告警(0.1):18; (0.1):18; 输出(0.1dBm):387; 端口:NULL"", ""reason"": ""516""}]}"
ab02ed9d-74ea-4fc1-8935-9e5396cf94ba,"{""rootcause"": [{""@rid"": ""#-1:59550636-05a9-49cc-b46d-9ccedaa6d1b4"", ""title"": ""时钟源之间的相位差过大"", ""location"": ""sbn=0,NodeMe=473946,Equipment=1,rack=1,shelf=1,board=1"", ""reason"": ""1. 时钟源受干扰。\n2. 时钟源引进设备的时延设置不当。""}, {""@rid"": ""#-1:2fe391a0-09be-47fc-bb08-f50ecb445a3f"", ""title"": ""[衍生告警]PTN光缆中断，单报LOS"", ""location"": ""R8EGF[0-1-2]-GE\\:1"", ""reason"": ""以太网物理接口(ETPI) 信号丢失(LOS)""}]}"
ab3c6be5-b196-41e0-8dac-118c6ee0b6a7,"{""rootcause"": [{""@rid"": ""#-1:ac6fb679-9e38-4592-81f3-8ecc065d51e4"", ""title"": ""射频单元IR接口异常告警"", ""location"": ""柜号:0; 框号:237; 槽号:0; 端口号:端口0; 类型:MRRU; :"", ""reason"": ""69""}]}"
ab462860-55cd-41c4-97b1-1bd896a14d2b,"{""rootcause"": [{""@rid"": ""#-1:d87e1881-b62b-4fd7-a0b9-50baa5bd6728"", ""title"": ""射频单元维护链路异常告警"", ""location"": ""柜号:2; 框号:65; 槽号:0; 类型:MPMU; :"", ""reason"": ""567""}]}"
abe0d010-6809-4a4d-9ae6-ee7f320f699d,"{""rootcause"": [{""@rid"": ""#-1:4a00b491-52e2-45cb-ae01-72137e3fe6a4"", ""title"": ""ETH_LOS"", ""location"": ""5-D2EG2-2(PORT-2)-MAC:1"", ""reason"": ""(1)端口已使能但端口的网线或光纤没有连接好；\n(2)网线或光纤故障；\n(3)对端发送部分故障；\n(4)本端接收部分故障。\n(5)灰光光模块与彩光光模块对接，端口可能上ETH_LOS。\n(6)彩光光模块对接，配置不同波长。\n(7)对接端口的传输模式不一致或者FEC模式不一致。""}, {""@rid"": ""#-1:0890a904-295a-4684-991e-5bfabd668f46"", ""title"": ""ETH_LOS"", ""location"": ""6-D2EG2-2(PORT-2)-MAC:1"", ""reason"": ""(1)端口已使能但端口的网线或光纤没有连接好；\n(2)网线或光纤故障；\n(3)对端发送部分故障；\n(4)本端接收部分故障。\n(5)灰光光模块与彩光光模块对接，端口可能上ETH_LOS。\n(6)彩光光模块对接，配置不同波长。\n(7)对接端口的传输模式不一致或者FEC模式不一致。""}]}"
ac076280-1985-4063-9bdf-0ae052d4cc3f,"{""rootcause"": [{""@rid"": ""#-1:91742cae-fe10-45ea-8105-672a9daba086"", ""title"": ""BBU CPRI接口异常告警"", ""location"": ""柜号:0; 框号:0; 槽号:5; 端口号:0; 端口号:0; 类型:UBBP; :"", ""reason"": ""567""}]}"
aced56bf-7f76-4307-b842-921d9846754a,"{""rootcause"": [{""@rid"": ""#-1:090cab99-ebc8-4f2f-9bd4-a95fbe7076e7"", ""title"": ""输入电源断"", ""location"": ""SubNetwork=1004,ManagedElement=1403152,Equipment=1,ReplaceableUnit=66"", ""reason"": ""外部掉电""}, {""@rid"": ""#-1:9285e81a-c942-4aed-a90a-0484c80808ba"", ""title"": ""输入电源断"", ""location"": ""SubNetwork=1004,ManagedElement=1403152,Equipment=1,ReplaceableUnit=64"", ""reason"": ""外部掉电""}, {""@rid"": ""#-1:9e43518f-a24c-4daa-86b5-b70544c3857c"", ""title"": ""输入电源断"", ""location"": ""SubNetwork=1004,ManagedElement=1403152,Equipment=1,ReplaceableUnit=65"", ""reason"": ""外部掉电""}]}"
ad608a8f-ab02-4c09-af66-693b27c7476c,"{""rootcause"": [{""@rid"": ""#-1:0ce39d77-d32b-472e-a7c5-ea525cdcf4fb"", ""title"": ""BBU IR接口异常告警"", ""location"": ""柜号:0; 框号:0; 槽号:2; 端口号:0; 端口号:0; 类型:UBBP; :"", ""reason"": ""567""}]}"
ae536348-d795-4096-9a1f-c6c22ce2484b,"{""rootcause"": [{""@rid"": ""#-1:477e8a60-859a-4e2c-8c00-e94e5a7f27ea"", ""title"": ""输入电源断"", ""location"": ""SubNetwork=5300,ManagedElement=2621944,Equipment=1,ReplaceableUnit=56"", ""reason"": ""外部掉电""}]}"
ae84a2de-1619-4b79-a24b-a3e88d27dcab,"{""rootcause"": [{""@rid"": ""#-1:48cd5aac-fe30-47f0-b83b-fd655d1d0fa7"", ""title"": ""射频单元直流掉电告警"", ""location"": ""柜号:0; 框号:151; 槽号:0; 类型:AIRU"", ""reason"": ""551""}, {""@rid"": ""#-1:49e1e219-d501-491d-8ab5-1de50b5609b9"", ""title"": ""BBU CPRI接口异常告警"", ""location"": ""柜号:0; 框号:0; 槽号:0; 端口号:1; 端口号:0; 类型:UBBP; :CPRI接口异常"", ""reason"": ""567""}]}"
ae8bd38d-0bef-4f6a-8ffc-b828ee69e3c6,"{""rootcause"": [{""@rid"": ""#-1:c62af049-baf2-49fa-8e3f-3fedc8020c86"", ""title"": ""射频单元驻波告警"", ""location"": ""柜号:0; 框号:112; 槽号:0; :0; 类型:MRRU; 告警(0.1):30; (0.1):250; 输出(0.1dBm):303; 端口:NULL"", ""reason"": ""516""}, {""@rid"": ""#-1:876ff815-8938-4bd8-8a9e-15f2dc48a7da"", ""title"": ""射频单元驻波告警"", ""location"": ""柜号:0; 框号:112; 槽号:0; :2; 类型:MRRU; 告警(0.1):30; (0.1):250; 输出(0.1dBm):305; 端口:NULL"", ""reason"": ""516""}, {""@rid"": ""#-1:81af07b1-64ed-4116-bdb7-cfc14ff1c2a9"", ""title"": ""射频单元驻波告警"", ""location"": ""柜号:0; 框号:112; 槽号:0; :1; 类型:MRRU; 告警(0.1):30; (0.1):250; 输出(0.1dBm):304; 端口:NULL"", ""reason"": ""516""}, {""@rid"": ""#-1:bf5ca491-7c7d-43d2-8cd9-ce121fefea43"", ""title"": ""射频单元CPRI接口异常告警"", ""location"": ""柜号:0; 框号:111; 槽号:0; 端口号:端口0; 端口号:NULL; 类型:MRRU; :CPRI接口异常"", ""reason"": ""566""}, {""@rid"": ""#-1:f71c53e4-8157-49cb-b327-bc29e85aef66"", ""title"": ""射频单元驻波告警"", ""location"": ""柜号:0; 框号:113; 槽号:0; :1; 类型:MRRU; 告警(0.1):18; (0.1):18; 输出(0.1dBm):379; 端口:NULL"", ""reason"": ""516""}]}"
ae8dcac8-c426-4334-93d1-d8ac43d1e561,"{""rootcause"": [{""@rid"": ""#-1:fd862714-8664-4031-a852-d5c2606d5c0c"", ""title"": ""射频单元直流掉电告警"", ""location"": ""柜号:0; 框号:66; 槽号:0; 类型:MRRU"", ""reason"": ""551""}, {""@rid"": ""#-1:32468d3d-1f52-4d23-aba4-27d3b31e5803"", ""title"": ""射频单元直流掉电告警"", ""location"": ""柜号:0; 框号:60; 槽号:0; 类型:MRRU"", ""reason"": ""551""}, {""@rid"": ""#-1:22c659bc-661f-491e-a991-ebf5e26541a6"", ""title"": ""射频单元直流掉电告警"", ""location"": ""柜号:0; 框号:63; 槽号:0; 类型:MRRU"", ""reason"": ""551""}]}"
ae91f8d5-41c5-4c48-871e-744b8283706c,"{""rootcause"": [{""@rid"": ""#-1:392bc906-689c-4aca-af4c-85775e862203"", ""title"": ""射频单元CPRI接口异常告警"", ""location"": ""柜号:0; 框号:227; 槽号:0; 端口号:端口0; 端口号:NULL; 类型:MRRU; :CPRI接口异常"", ""reason"": ""566""}]}"
af26c607-3f9d-4a37-8d4d-a809bfccd1f6,"{""rootcause"": [{""@rid"": ""#-1:c42e4695-42cb-4958-9642-ffb6788d2f64"", ""title"": ""小区关断告警"", ""location"": ""SubNetwork=60,ManagedElement=856758,ENBFunctionFDD=856758,EUtranCellFDD=92"", ""reason"": ""1.小区被人工关断；\n2.超级小区所有CP被人工关断；\n3.网元被闭塞。""}]}"
af2e1e25-2772-484c-8c96-84e89e97b467,"{""rootcause"": [{""@rid"": ""#-1:595b58cd-488e-4d47-8bef-c51bc014d0b1"", ""title"": ""射频单元IR接口异常告警"", ""location"": ""柜号:0; 框号:203; 槽号:0; 端口号:端口0; 类型:MRRU; :IR接口异常"", ""reason"": ""69""}]}"
af374848-7bd9-44f9-bfb8-4c087a74d016,"{""rootcause"": [{""@rid"": ""#-1:d968cca4-8b85-4d13-b5f0-06d744dd90b4"", ""title"": ""[衍生告警]PTN光缆中断，单报LOS"", ""location"": ""OIXG4A[0-1-2]-10GE\\:1"", ""reason"": ""以太网物理接口(ETPI) 信号丢失(LOS)""}, {""@rid"": ""#-1:2da33b00-7529-4ffb-8ecd-6a0cca5f01c4"", ""title"": ""[衍生告警]PTN光缆中断，单报LOS"", ""location"": ""OIXG4A[0-1-8]-10GE\\:1"", ""reason"": ""以太网物理接口(ETPI) 信号丢失(LOS)""}, {""@rid"": ""#-1:48b1e04a-8eb6-423f-a889-90abbac97151"", ""title"": ""[衍生告警]PTN光缆中断，单报LOS"", ""location"": ""OIXG4A[0-1-2]-10GE\\:1"", ""reason"": ""以太网物理接口(ETPI) 信号丢失(LOS)""}, {""@rid"": ""#-1:9c4d09a7-1572-457f-8239-04deb068d081"", ""title"": ""[衍生告警]PTN光缆中断，单报LOS"", ""location"": ""OIXG4A[0-1-8]-10GE\\:1"", ""reason"": ""以太网物理接口(ETPI) 信号丢失(LOS)""}]}"
af614073-0139-45cc-82d0-97e02af80b2d,"{""rootcause"": [{""@rid"": ""#-1:234b8763-8699-4669-a8ab-31a66a257551"", ""title"": ""RHUB与pRRU间链路异常告警"", ""location"": ""柜号:0; 框号:132; 槽号:0; 端口:4; 类型:RHUB; :传输异常"", ""reason"": ""566""}]}"
afc551b1-5a25-4289-8ed8-1b390847ebc5,"{""rootcause"": [{""@rid"": ""#-1:2415b61f-84a2-4fec-917d-e1931d90f837"", ""title"": ""时钟源之间的相位差过大"", ""location"": ""SubNetwork=5309,ManagedElement=594777,Equipment=1,Rack=1,SubRack=1,Slot=2,PlugInUnit=1,SdrDeviceGroup=1"", ""reason"": ""1. 时钟源受干扰。\n2. 时钟源引进设备的时延设置不当。""}]}"
b0e9c2b6-1965-4b1b-9d6b-c0ac8dbb5821,"{""rootcause"": [{""@rid"": ""#-1:a75087a1-400a-4eff-b36b-634fa1d420d4"", ""title"": ""RRU链路断"", ""location"": ""SubNetwork=17,ManagedElement=566084,Equipment=1,Rack=57,SubRack=1,Slot=1,PlugInUnit=1,SdrDeviceGroup=1"", ""reason"": ""1. BBU和RRU之间或者上下级RRU之间的光纤故障。\n2. RRU光模块或上联的BBU光模块故障。\n3. RRU未供电。\n4. BBU接口单板故障。\n5. RRU故障。\n6. lr端口线速率配置错误。\n7. 单板硬件自检。""}, {""@rid"": ""#-1:0ef756fb-f84d-4f42-a34c-15dcc12e2b78"", ""title"": ""RRU链路断"", ""location"": ""SubNetwork=17,ManagedElement=566084,Equipment=1,Rack=56,SubRack=1,Slot=1,PlugInUnit=1,SdrDeviceGroup=1"", ""reason"": ""1. BBU和RRU之间或者上下级RRU之间的光纤故障。\n2. RRU光模块或上联的BBU光模块故障。\n3. RRU未供电。\n4. BBU接口单板故障。\n5. RRU故障。\n6. lr端口线速率配置错误。\n7. 单板硬件自检。""}]}"
b1d58e4a-b781-41a2-a685-cf803f14d38f,"{""rootcause"": [{""@rid"": ""#-1:30a30a11-5a98-4429-bc5f-7295a02a4062"", ""title"": ""输入电源断"", ""location"": ""SubNetwork=CMCC-GZ-03,ManagedElement=12721667,Equipment=1,ReplaceableUnit=51"", ""reason"": ""输入电源断""}, {""@rid"": ""#-1:1e5c63fb-6ad2-401a-9969-a1bc6def1070"", ""title"": ""LTE小区退出服务"", ""location"": ""SubNetwork=CMCC-GZ-03,ManagedElement=12721667,ENBCUCPFunction=460-00_339312,CULTE=1,CUEUtranCellFDDLTE=1"", ""reason"": ""RRU板异常导致""}]}"
b1e02c99-d2c4-4546-8324-74fdba3844ad,"{""rootcause"": [{""@rid"": ""#-1:de7b4d5e-e8a5-440b-a8c9-05d2872fcc28"", ""title"": ""BBU CPRI接口异常告警"", ""location"": ""柜号:0; 框号:0; 槽号:4; 端口号:1; 端口号:0; 类型:UBBP; :"", ""reason"": ""567""}, {""@rid"": ""#-1:b4c2fc5f-18e5-4715-8791-c7cad7b08331"", ""title"": ""射频单元直流掉电告警"", ""location"": ""柜号:0; 框号:151; 槽号:0; 类型:AIRU"", ""reason"": ""551""}, {""@rid"": ""#-1:cabff4a0-d99f-4581-ad88-f8a70a346c75"", ""title"": ""射频单元直流掉电告警"", ""location"": ""柜号:0; 框号:152; 槽号:0; 类型:AIRU"", ""reason"": ""551""}, {""@rid"": ""#-1:ad800edc-ca74-4d0b-bdd6-a62d6d8d01d0"", ""title"": ""射频单元直流掉电告警"", ""location"": ""柜号:0; 框号:150; 槽号:0; 类型:AIRU"", ""reason"": ""551""}, {""@rid"": ""#-1:d2a91eff-aac3-43d9-9f0c-2cdf5c6aae19"", ""title"": ""射频单元输入电源能力不足告警"", ""location"": ""柜号:0; 框号:152; 槽号:0; 电源端口:NULL; 类型:AIRU; :机柜异常"", ""reason"": ""105""}]}"
b27293ac-f32c-4b7e-aec1-636a41e7ab65,"{""rootcause"": [{""@rid"": ""#-1:2514ca03-cdff-48ff-b0ef-c854280d2a14"", ""title"": ""射频单元直流掉电告警"", ""location"": ""柜号:0; 框号:152; 槽号:0; 类型:MRRU"", ""reason"": ""551""}]}"
b28b0b0b-aae9-4b21-8d8c-e2c9dcb7a6cf,"{""rootcause"": [{""@rid"": ""#-1:00de545e-9fb5-48e9-9735-9d1910a6ce12"", ""title"": ""射频单元发射通道增益异常告警"", ""location"": ""柜号:0; 框号:202; 槽号:0; :0; 类型:MRRU; 输入(0.1dBFs):-152; 输出(0.1dBm):65522"", ""reason"": ""509""}]}"
b2abb784-3097-43bc-a2f2-f8f33a8f84ed,"{""rootcause"": [{""@rid"": ""#-1:f408115c-bcc9-4cc3-b497-a2f95de59720"", ""title"": ""射频单元驻波告警"", ""location"": ""柜号:0; 框号:150; 槽号:0; :3; 类型:MRRU; 告警(0.1):20; (0.1):20; 输出(0.1dBm):328; 端口:NULL"", ""reason"": ""516""}]}"
b3973923-b7f0-4468-a356-4533636240fb,"{""rootcause"": [{""@rid"": ""#-1:7be5de7c-e16b-4f81-beae-34d0380bbcd9"", ""title"": ""射频单元直流掉电告警"", ""location"": ""柜号:0; 框号:150; 槽号:0; 类型:AIRU"", ""reason"": ""551""}, {""@rid"": ""#-1:06fef9d0-34f3-46f1-89a8-bff278526d55"", ""title"": ""射频单元直流掉电告警"", ""location"": ""柜号:0; 框号:151; 槽号:0; 类型:AIRU"", ""reason"": ""551""}, {""@rid"": ""#-1:51cb2ddf-0af7-4c3c-997f-811745014941"", ""title"": ""射频单元直流掉电告警"", ""location"": ""柜号:0; 框号:152; 槽号:0; 类型:AIRU"", ""reason"": ""551""}]}"
b3a0e872-a456-4cc0-9f60-978a50a045a3,"{""rootcause"": [{""@rid"": ""#-1:2ab98614-f8b6-4135-b841-22bc86e266aa"", ""title"": ""设备掉电"", ""location"": ""SubNetwork=5306,ManagedElement=296251,Equipment=1,Rack=61,SubRack=1,Slot=1,PlugInUnit=1,SdrDeviceGroup=1"", ""reason"": ""1. 市电异常。\n2. 外部供电设备故障。""}]}"
b4e7b9be-9d47-4ec1-b133-50d1a1587e18,"{""rootcause"": [{""@rid"": ""#-1:237ed315-ddb7-4cd3-9a54-691071b36148"", ""title"": ""射频单元驻波告警"", ""location"": ""柜号:0; 框号:203; 槽号:0; :0; 类型:MRRU; 告警(0.1):20; (0.1):23; 输出(0.1dBm):359; 端口:NULL"", ""reason"": ""516""}]}"
b522f43a-5cc4-4782-951a-761d6375f43f,"{""rootcause"": [{""@rid"": ""#-1:6758ee05-4956-4670-a5e2-50a077ec3730"", ""title"": ""射频单元驻波告警"", ""location"": ""柜号:0; 框号:201; 槽号:0; :0; 类型:MRRU; 告警(0.1):30; (0.1):65; 输出(0.1dBm):311; 端口:NULL"", ""reason"": ""516""}]}"
b5bd6adf-2f77-4ef7-9d98-ab861ed2e40d,"{""rootcause"": [{""@rid"": ""#-1:3db8dd0d-d547-4f79-989f-c5140053a097"", ""title"": ""射频单元CPRI接口异常告警"", ""location"": ""柜号:0; 框号:200; 槽号:0; 端口号:端口1; 端口号:0; 类型:AIRU; :"", ""reason"": ""566""}]}"
b5d743e4-1553-4de4-bcac-6898a6896c4a,"{""rootcause"": [{""@rid"": ""#-1:ddff5586-fe8d-43da-8e5a-d699f949d770"", ""title"": ""射频单元CPRI接口异常告警"", ""location"": ""柜号:0; 框号:204; 槽号:0; 端口号:端口0; 端口号:NULL; 类型:MRRU; :CPRI接口异常"", ""reason"": ""566""}]}"
b60f3a8f-9f79-4965-b7fd-a5ac6ab4aec5,"{""rootcause"": [{""@rid"": ""#-1:35dc23f4-c4c9-465b-bec0-dcd2613f6b1e"", ""title"": ""射频单元IR接口异常告警"", ""location"": ""柜号:0; 框号:231; 槽号:0; 端口号:端口0; 类型:MRRU; :IR接口异常"", ""reason"": ""69""}]}"
b7f97742-860b-4152-80f6-4fde0fdc6ea8,"{""rootcause"": [{""@rid"": ""#-1:cfb54666-f333-4e73-b5b4-fe7ceaa3049e"", ""title"": ""设备掉电"", ""location"": ""SubNetwork=5300,ManagedElement=574885,Equipment=1,Rack=56,SubRack=1,Slot=1,PlugInUnit=1,SdrDeviceGroup=1"", ""reason"": ""1. 市电异常。\n2. 外部供电设备故障。""}]}"
b8a69d23-0082-4113-bc5c-b3d0262284d7,"{""rootcause"": [{""@rid"": ""#-1:cfeb423c-9cc7-4143-ba77-f9ac6fc6c4d5"", ""title"": ""输入电源断"", ""location"": ""SubNetwork=1004,ManagedElement=1433088,Equipment=1,ReplaceableUnit=64"", ""reason"": ""外部掉电""}, {""@rid"": ""#-1:bf442a1e-d90b-44e0-8667-7096ebd94a49"", ""title"": ""输入电源断"", ""location"": ""SubNetwork=1004,ManagedElement=1433088,Equipment=1,ReplaceableUnit=65"", ""reason"": ""外部掉电""}, {""@rid"": ""#-1:a1cd163b-cc06-457b-9314-ee9d18bcc996"", ""title"": ""输入电源断"", ""location"": ""SubNetwork=1004,ManagedElement=1433088,Equipment=1,ReplaceableUnit=66"", ""reason"": ""外部掉电""}]}"
b90d6799-a2cb-401c-a1bd-8e1ec2204268,"{""rootcause"": [{""@rid"": ""#-1:4ac35473-f2ca-4b77-892d-a6237e47f1c7"", ""title"": ""RRU链路断"", ""location"": ""SubNetwork=1004,ManagedElement=1404684,Equipment=1,ReplaceableUnit=61"", ""reason"": ""RRU链路断""}, {""@rid"": ""#-1:27c29d7b-793e-4294-af7e-f94c693cf0b0"", ""title"": ""RRU链路断"", ""location"": ""SubNetwork=1004,ManagedElement=1404684,Equipment=1,ReplaceableUnit=62"", ""reason"": ""RRU链路断""}, {""@rid"": ""#-1:3fb199da-062e-4cd3-bef9-cb53eb35d1cb"", ""title"": ""RRU链路断"", ""location"": ""SubNetwork=1004,ManagedElement=1404684,Equipment=1,ReplaceableUnit=63"", ""reason"": ""RRU链路断""}]}"
b92c1c42-bc69-48fa-b5c6-7bbd2635a15b,"{""rootcause"": [{""@rid"": ""#-1:46dad958-ef00-43e3-9cc6-b2312a363aea"", ""title"": ""光口接收链路故障"", ""location"": ""SubNetwork=1003,ManagedElement=78839,Equipment=1,Rack=1,SubRack=1,Slot=9,PlugInUnit=1,SdrDeviceGroup=1,FiberDeviceSet=1,FiberDevice=0"", ""reason"": ""1. 光纤/电缆损坏；\n2. 光纤/电缆端面污染；\n3. 本端或对端光/电模块或光纤/电缆没插好；\n4. 对端设备的光/电模块损坏；\n5. 光纤实际长度大于光模块支持的长度；\n6. 本端、对端的光模块速率不匹配；\n7. 对端设备工作异常。""}]}"
b934b0a8-4891-4cf3-b418-a9566c7ef074,"{""rootcause"": [{""@rid"": ""#-1:a5928744-4f39-426d-9cfd-970f568328c1"", ""title"": ""射频单元CPRI接口异常告警"", ""location"": ""柜号:0; 框号:202; 槽号:0; 端口号:端口1; 端口号:NULL; 类型:MRRU; :CPRI接口异常"", ""reason"": ""566""}]}"
badf5098-f878-486f-9446-e6fe5daa4a10,"{""rootcause"": [{""@rid"": ""#-1:62ccaa2f-bfd1-49b0-8cee-842c5bddcf3a"", ""title"": ""射频单元交流掉电告警"", ""location"": ""柜号:0; 框号:150; 槽号:0; 类型:AIRU"", ""reason"": ""551""}, {""@rid"": ""#-1:3e1ec0ed-3aa3-4f6e-b51d-d97dc97ec224"", ""title"": ""射频单元交流掉电告警"", ""location"": ""柜号:0; 框号:152; 槽号:0; 类型:AIRU"", ""reason"": ""551""}, {""@rid"": ""#-1:a77c94c3-976e-490e-95eb-416abc851133"", ""title"": ""射频单元交流掉电告警"", ""location"": ""柜号:0; 框号:151; 槽号:0; 类型:AIRU"", ""reason"": ""551""}]}"
bb269f15-62f5-496d-adea-7d94f2367dd8,"{""rootcause"": [{""@rid"": ""#-1:659033ed-0e32-47cf-b7d8-daf86c9f2884"", ""title"": ""设备掉电"", ""location"": ""SubNetwork=5305,ManagedElement=715019,Equipment=1,Rack=53,SubRack=1,Slot=1,PlugInUnit=1,SdrDeviceGroup=1"", ""reason"": ""1. 市电异常。\n2. 外部供电设备故障。""}, {""@rid"": ""#-1:3af2c3eb-3bf4-4cc8-b4ab-0e42a51e8309"", ""title"": ""设备掉电"", ""location"": ""SubNetwork=5305,ManagedElement=715019,Equipment=1,Rack=52,SubRack=1,Slot=1,PlugInUnit=1,SdrDeviceGroup=1"", ""reason"": ""1. 市电异常。\n2. 外部供电设备故障。""}, {""@rid"": ""#-1:1336f4bf-ba55-4efa-8dd6-8d165b3e6b4e"", ""title"": ""设备掉电"", ""location"": ""SubNetwork=5305,ManagedElement=715019,Equipment=1,Rack=51,SubRack=1,Slot=1,PlugInUnit=1,SdrDeviceGroup=1"", ""reason"": ""1. 市电异常。\n2. 外部供电设备故障。""}, {""@rid"": ""#-1:0390755b-877d-43f6-a637-74d418aa1280"", ""title"": ""输入电压异常"", ""location"": ""SubNetwork=5305,ManagedElement=715019,Equipment=1,Rack=1,SubRack=1,Slot=16,PlugInUnit=1,SdrDeviceGroup=1"", ""reason"": ""过压：外部电源系统的输入电压超过高门限。\n欠压：外部电源系统的输入电压低于低门限，可能原因包括：市电供电不够，空开容量不够，电源线线径不够，电源线过长等。\n掉电：外部电源系统的输入电压中断。\n供电能力不足：外部电源柜或者蓄电池带载能力不足，欠压导致定标失败，上报供电能力不足。可能原因包括市电供电不够，空开容量不够，电源线线径不够，电源线过长等。""}]}"
bb26e0b0-996a-42cf-ba23-b62c3335e5fb,"{""rootcause"": [{""@rid"": ""#-1:31ca01e6-2b03-4467-95aa-efc05bdca056"", ""title"": ""输入电压异常"", ""location"": ""SubNetwork=1002,ManagedElement=82367,Equipment=1,Rack=1,SubRack=1,Slot=17,PlugInUnit=1,SdrDeviceGroup=1"", ""reason"": ""过压：外部电源系统的输入电压超过高门限。\n欠压：外部电源系统的输入电压低于低门限，可能原因包括：市电供电不够，空开容量不够，电源线线径不够，电源线过长等。\n掉电：外部电源系统的输入电压中断。\n供电能力不足：外部电源柜或者蓄电池带载能力不足，欠压导致定标失败，上报供电能力不足。可能原因包括市电供电不够，空开容量不够，电源线线径不够，电源线过长等。""}]}"
bb6e4b4f-dae3-4b5c-bb1d-57c3471ac75c,"{""rootcause"": [{""@rid"": ""#-1:7e2c54a3-d802-46e5-91a3-12b7071ab0ce"", ""title"": ""设备掉电"", ""location"": ""SubNetwork=17,ManagedElement=832480,Equipment=1,Rack=51,SubRack=1,Slot=1,PlugInUnit=1,SdrDeviceGroup=1"", ""reason"": ""1. 市电异常。\n2. 外部供电设备故障。""}, {""@rid"": ""#-1:2ffb6ed4-565e-413d-8df2-da512f8fd320"", ""title"": ""设备掉电"", ""location"": ""SubNetwork=17,ManagedElement=832480,Equipment=1,Rack=53,SubRack=1,Slot=1,PlugInUnit=1,SdrDeviceGroup=1"", ""reason"": ""1. 市电异常。\n2. 外部供电设备故障。""}, {""@rid"": ""#-1:e1af88fc-81a1-4368-bbd1-afb3ca7b3e84"", ""title"": ""设备掉电"", ""location"": ""SubNetwork=17,ManagedElement=832480,Equipment=1,Rack=52,SubRack=1,Slot=1,PlugInUnit=1,SdrDeviceGroup=1"", ""reason"": ""1. 市电异常。\n2. 外部供电设备故障。""}]}"
bbca6b99-9b08-4c26-8fd6-477be7515ce3,"{""rootcause"": [{""@rid"": ""#-1:931f1699-2b32-41f1-8b95-b75750c38fde"", ""title"": ""设备掉电"", ""location"": ""SubNetwork=5302,ManagedElement=177526,Equipment=1,Rack=53,SubRack=1,Slot=1,PlugInUnit=1,SdrDeviceGroup=1"", ""reason"": ""1. 市电异常。\n2. 外部供电设备故障。""}]}"
bbd84674-f75a-4409-84cd-4b2ac8098cd7,"{""rootcause"": [{""@rid"": ""#-1:9c20f31a-ff09-432a-a7c2-112e13acb739"", ""title"": ""光模块接收光功率异常"", ""location"": ""SubNetwork=1003,ManagedElement=17182,Equipment=1,Rack=52,SubRack=1,Slot=1,PlugInUnit=1,SdrDeviceGroup=1,FiberDeviceSet=1,FiberDevice=1"", ""reason"": ""1. 光纤损坏。\n2. 光模块老化。\n3. 光纤实际长度大于光模块支持的长度。""}]}"
bc299a87-a0c3-4391-a12e-c727e6190232,"{""rootcause"": [{""@rid"": ""#-1:18276fd3-49bf-400a-ab59-31e58e0e6039"", ""title"": ""射频单元驻波告警"", ""location"": ""柜号:0; 框号:208; 槽号:0; :1; 类型:MRRU; 告警(0.1):20; (0.1):20; 输出(0.1dBm):351; 端口:NULL"", ""reason"": ""516""}]}"
bc29a020-25cb-40f0-a8a4-578f402bc7bd,"{""rootcause"": [{""@rid"": ""#-1:79cb6ab7-5530-46bb-b739-e57bb3e61832"", ""title"": ""输入电源断"", ""location"": ""SubNetwork=1004,ManagedElement=1413538,Equipment=1,ReplaceableUnit=62"", ""reason"": ""外部掉电""}, {""@rid"": ""#-1:c9979c32-3784-40e6-a25e-23add5466c39"", ""title"": ""输入电源断"", ""location"": ""SubNetwork=1004,ManagedElement=1413538,Equipment=1,ReplaceableUnit=63"", ""reason"": ""外部掉电""}, {""@rid"": ""#-1:0628cd2a-178b-47ad-a1b8-ec6b872f7b81"", ""title"": ""输入电源断"", ""location"": ""SubNetwork=1004,ManagedElement=1413538,Equipment=1,ReplaceableUnit=61"", ""reason"": ""外部掉电""}]}"
bc39588e-5337-4d8a-88ad-6c240599003d,"{""rootcause"": [{""@rid"": ""#-1:404997f3-cc01-4d8a-8e8c-cc124f24838f"", ""title"": ""RRU链路断"", ""location"": ""sbn=1,NodeMe=984234,Equipment=1,rack=54,shelf=1,board=1"", ""reason"": ""1. BBU和RRU之间或者上下级RRU之间的光纤故障。\n2. RRU光模块或上联的BBU光模块故障。\n3. RRU未供电。\n4. BBU接口单板故障。\n5. RRU故障。\n6. lr端口线速率配置错误。\n7. 单板硬件自检。""}]}"
bc93c507-b193-4eda-9a76-f32ff878b47e,"{""rootcause"": [{""@rid"": ""#-1:d06eb724-983f-49e5-8c89-340fe8118cb4"", ""title"": ""网元连接中断"", ""location"": ""网元名称:1-HLW; 网元IP地址:100.92.253.20; 网元IP地址(IP Mode):NULL; 端口:6007; 错误:N/A; 信息:端口时; 分:MediationService5408; OMC IP:10.224.27.32"", ""reason"": ""718""}]}"
bc9e592f-8d40-403b-a990-1c47587acedc,"{""rootcause"": [{""@rid"": ""#-1:15ad1c57-c2d1-4a97-9e74-47ac2c324c10"", ""title"": ""射频单元IR接口异常告警"", ""location"": ""柜号:0; 框号:207; 槽号:0; 端口号:端口0; 类型:MRRU; :IR接口异常"", ""reason"": ""69""}]}"
bccb900b-ec1a-4fd9-b2fe-e77b133c8585,"{""rootcause"": [{""@rid"": ""#-1:9ee3f53c-1d9c-4e53-acea-fc6fc2578170"", ""title"": ""单板处于初始化状态"", ""location"": ""SubNetwork=1004,ManagedElement=1399007,Equipment=1,ReplaceableUnit=VBP_1_3"", ""reason"": ""单板处于初始化状态""}]}"
bce0bbb9-ca87-4c0e-8c5c-d82417bd7cf8,"{""rootcause"": [{""@rid"": ""#-1:03b9f740-78ab-4eb2-aa39-9b24ec7bf244"", ""title"": ""设备掉电"", ""location"": ""SubNetwork=5304,ManagedElement=802376,Equipment=1,Rack=57,SubRack=1,Slot=1,PlugInUnit=1,SdrDeviceGroup=1"", ""reason"": ""1. 市电异常。\n2. 外部供电设备故障。""}]}"
bd159ea7-9075-4a99-a5de-4c16b7daff03,"{""rootcause"": [{""@rid"": ""#-1:1c073044-58a9-40ba-8941-7393efba9cb1"", ""title"": ""输入电源断"", ""location"": ""SubNetwork=1004,ManagedElement=1416483,Equipment=1,ReplaceableUnit=75"", ""reason"": ""输入电源断""}, {""@rid"": ""#-1:bd1a4acc-711f-4a75-80db-3dac63f631b7"", ""title"": ""输入电源断"", ""location"": ""SubNetwork=1004,ManagedElement=1416483,Equipment=1,ReplaceableUnit=74"", ""reason"": ""输入电源断""}, {""@rid"": ""#-1:4d7dc19c-15c2-43bc-aace-85aba2be8746"", ""title"": ""输入电源断"", ""location"": ""SubNetwork=1004,ManagedElement=1416483,Equipment=1,ReplaceableUnit=76"", ""reason"": ""输入电源断""}]}"
bd3ebb2c-3f72-459f-a2a6-2ff054ea96f2,"{""rootcause"": [{""@rid"": ""#-1:a350908f-5fee-49ba-b576-282ff513fa0f"", ""title"": ""PB-pRRU链路误码率高"", ""location"": ""sbn=0,NodeMe=390141,Equipment=1,rack=58,shelf=1,board=1"", ""reason"": ""1. 网线长度超过100m。\n2. 网线水晶头压接不好。\n3. 网线和电口速率不匹配。""}]}"
bd577981-6113-46c1-856c-3d692c39f277,"{""rootcause"": [{""@rid"": ""#-1:e8a0ae0d-16d7-4fb9-b86d-a994e36f4404"", ""title"": ""RRU链路断"", ""location"": ""SubNetwork=5303,ManagedElement=374177,Equipment=1,Rack=55,SubRack=1,Slot=1,PlugInUnit=1,SdrDeviceGroup=1"", ""reason"": ""1. BBU和RRU之间或者上下级RRU之间的光纤故障。\n2. RRU光模块或上联的BBU光模块故障。\n3. RRU未供电。\n4. BBU接口单板故障。\n5. RRU故障。\n6. lr端口线速率配置错误。\n7. 单板硬件自检。""}]}"
bd95ee62-02c1-470d-a455-ac7610cd619f,"{""rootcause"": [{""@rid"": ""#-1:215697c3-3aa7-41bf-adc7-0daa3d320dea"", ""title"": ""设备掉电"", ""location"": ""SubNetwork=1003,ManagedElement=78176,Equipment=1,Rack=52,SubRack=1,Slot=1,PlugInUnit=1,SdrDeviceGroup=1"", ""reason"": ""1. 市电异常。\n2. 外部供电设备故障。""}, {""@rid"": ""#-1:c19db5b7-c548-40b3-b641-63ebde34b011"", ""title"": ""设备掉电"", ""location"": ""SubNetwork=1003,ManagedElement=78176,Equipment=1,Rack=51,SubRack=1,Slot=1,PlugInUnit=1,SdrDeviceGroup=1"", ""reason"": ""1. 市电异常。\n2. 外部供电设备故障。""}, {""@rid"": ""#-1:a85c77e0-1678-41a3-97dc-7a7bf2eb4712"", ""title"": ""设备掉电"", ""location"": ""SubNetwork=1003,ManagedElement=78176,Equipment=1,Rack=53,SubRack=1,Slot=1,PlugInUnit=1,SdrDeviceGroup=1"", ""reason"": ""1. 市电异常。\n2. 外部供电设备故障。""}]}"
bdbb6a39-a21b-4893-a4c0-e3170fc6ea11,"{""rootcause"": [{""@rid"": ""#-1:f9815547-4e61-4bfa-a811-6d0809276508"", ""title"": ""单板电源关断"", ""location"": ""SubNetwork=1002,ManagedElement=82367,Equipment=1,Rack=1,SubRack=1,Slot=3,PlugInUnit=1,SdrDeviceGroup=1"", ""reason"": ""1. 单板过温。\n2. 单板过流。\n3. OMC发起关断。\n4. 软件异常关电。""}]}"
bf31ce67-c6d6-422d-abf2-4959ef15c63a,"{""rootcause"": [{""@rid"": ""#-1:af189cb9-8955-482c-8760-8654deddc700"", ""title"": ""射频单元CPRI接口异常告警"", ""location"": ""柜号:0; 框号:201; 槽号:0; 端口号:端口0; 端口号:NULL; 类型:MRRU; :CPRI接口异常"", ""reason"": ""566""}]}"
bfd438f8-83d2-4bb1-889d-2797cbcee3a3,"{""rootcause"": [{""@rid"": ""#-1:28d58cb1-d741-4940-9f37-71fa594c8c9e"", ""title"": ""射频单元输入电源能力不足告警"", ""location"": ""柜号:0; 框号:152; 槽号:0; :机柜异常"", ""reason"": ""105""}, {""@rid"": ""#-1:6456df04-e3d0-4c5c-b1da-5b4a0af37c23"", ""title"": ""射频单元输入电源能力不足告警"", ""location"": ""柜号:0; 框号:152; 槽号:0; :机柜异常"", ""reason"": ""105""}]}"
c0145078-9d5e-4ef5-b491-c926a2b57edd,"{""rootcause"": [{""@rid"": ""#-1:e9ef3a32-009f-46fd-8eb4-19bfed764fce"", ""title"": ""输入电源断"", ""location"": ""SubNetwork=1004,ManagedElement=1404636,Equipment=1,ReplaceableUnit=136"", ""reason"": ""输入电源断""}, {""@rid"": ""#-1:23f0bb60-739e-4ea7-83dc-45af143097dc"", ""title"": ""输入电源断"", ""location"": ""SubNetwork=1004,ManagedElement=1404636,Equipment=1,ReplaceableUnit=134"", ""reason"": ""输入电源断""}, {""@rid"": ""#-1:4d50b20f-b6c3-4e04-9f47-ed08c79518ed"", ""title"": ""输入电源断"", ""location"": ""SubNetwork=1004,ManagedElement=1404636,Equipment=1,ReplaceableUnit=135"", ""reason"": ""输入电源断""}]}"
c199ce65-f577-40cc-bb6a-767f62b31dd6,"{""rootcause"": [{""@rid"": ""#-1:65233ed5-2c0c-4e14-919e-16c07cf940d3"", ""title"": ""BBU CPRI接口异常告警"", ""location"": ""柜号:0; 框号:0; 槽号:3; 端口号:3; 端口号:0; 类型:UBBP; :"", ""reason"": ""567""}, {""@rid"": ""#-1:9a824959-7d85-4f56-9a60-d54bf0c31faa"", ""title"": ""BBU CPRI接口异常告警"", ""location"": ""柜号:0; 框号:0; 槽号:3; 端口号:4; 端口号:0; 类型:UBBP; :"", ""reason"": ""567""}, {""@rid"": ""#-1:cb0054bc-9607-4482-852b-547df69d507a"", ""title"": ""BBU CPRI接口异常告警"", ""location"": ""柜号:0; 框号:0; 槽号:3; 端口号:5; 端口号:0; 类型:UBBP; :"", ""reason"": ""567""}]}"
c203d4a4-d47e-43c6-b030-10dc06fd0dfd,"{""rootcause"": [{""@rid"": ""#-1:de9d4c0f-573f-45e1-b917-a078f0217bf5"", ""title"": ""射频单元CPRI接口异常告警"", ""location"": ""柜号:0; 框号:205; 槽号:0; 端口号:端口0; 端口号:NULL; 类型:MRRU; :CPRI接口异常"", ""reason"": ""566""}]}"
c253a5fd-6156-4b39-98cb-b3b11c93b25a,"{""rootcause"": [{""@rid"": ""#-1:1fbdfd79-8ded-43a1-b100-9afe6d58809c"", ""title"": ""光口链路故障"", ""location"": ""SubNetwork=1004,ManagedElement=1398217,Equipment=1,ReplaceableUnit=VBP_1_3,RiPort=OF3"", ""reason"": ""光口链路故障""}]}"
c27a096b-576b-4fb7-9fb2-7f04feab066d,"{""rootcause"": [{""@rid"": ""#-1:59be51b1-b5f6-4f1d-b7d4-a8cea8789049"", ""title"": ""BBU IR接口异常告警"", ""location"": ""柜号:0; 框号:0; 槽号:5; 端口号:1; 端口号:0; 类型:UBBP; :IR接口异常"", ""reason"": ""567""}]}"
c294843c-93bc-4500-a123-bb9c17897330,"{""rootcause"": [{""@rid"": ""#-1:dbac82ad-07d5-4dcf-94e5-4443dbdf143c"", ""title"": ""设备掉电"", ""location"": ""SubNetwork=5300,ManagedElement=568757,Equipment=1,Rack=54,SubRack=1,Slot=1,PlugInUnit=1,SdrDeviceGroup=1"", ""reason"": ""1. 市电异常。\n2. 外部供电设备故障。""}]}"
c2f7c036-aaf0-4a95-9bf4-3cae57b6e7d5,"{""rootcause"": [{""@rid"": ""#-1:0e2c59d3-277a-49ac-b27d-9c109ca1602f"", ""title"": ""[衍生告警]PTN光缆中断，单报LOS"", ""location"": ""PGEA[0-1-16]-GE\\:16"", ""reason"": ""以太网物理接口(ETPI) 信号丢失(LOS)""}, {""@rid"": ""#-1:bd9cb88c-cfef-4cc2-ac49-a8d3d28c345b"", ""title"": ""[衍生告警]PTN光缆中断，单报LOS"", ""location"": ""PGEA[0-1-16]-GE\\:16"", ""reason"": ""以太网物理接口(ETPI) 信号丢失(LOS)""}, {""@rid"": ""#-1:902af924-f1d3-40ac-ab1b-9ea136b068d3"", ""title"": ""[衍生告警]PTN光缆中断，单报LOS"", ""location"": ""PGEA[0-1-16]-GE\\:16"", ""reason"": ""以太网物理接口(ETPI) 信号丢失(LOS)""}]}"
c50370fe-64b9-4997-8ad7-77f1d43957a2,"{""rootcause"": [{""@rid"": ""#-1:a6946b2d-79bb-44a5-860b-30e1d35ecc75"", ""title"": ""RRU链路断"", ""location"": ""SubNetwork=5300,ManagedElement=2622549,Equipment=1,ReplaceableUnit=51"", ""reason"": ""RRU链路断""}]}"
c519a1c6-e64c-451d-b6a6-198182719679,"{""rootcause"": [{""@rid"": ""#-1:48e46cd9-4fa8-40e5-998f-fa746bc3240d"", ""title"": ""RRU链路断"", ""location"": ""SubNetwork=1004,ManagedElement=1401016,Equipment=1,ReplaceableUnit=63"", ""reason"": ""RRU链路断""}, {""@rid"": ""#-1:f9803948-8555-439d-830d-04a0fed2c63c"", ""title"": ""RRU链路断"", ""location"": ""SubNetwork=1004,ManagedElement=1401016,Equipment=1,ReplaceableUnit=61"", ""reason"": ""RRU链路断""}, {""@rid"": ""#-1:84515513-49c0-4f8d-8593-b1110f4e04cf"", ""title"": ""RRU链路断"", ""location"": ""SubNetwork=1004,ManagedElement=1401016,Equipment=1,ReplaceableUnit=62"", ""reason"": ""RRU链路断""}]}"
c5a4dcc9-dc47-4143-aa67-aae914699008,"{""rootcause"": [{""@rid"": ""#-1:45578564-581e-4732-85ff-064770003132"", ""title"": ""网元连接中断"", ""location"": ""网元名称:CBN-148D59002545916PT-H5H; 网元IP地址:10.183.38.229; 网元IP地址(IP Mode):NULL; 端口:6007; 错误:N/A; 信息:端口时; 分:MediationService0705; OMC IP:10.229.166.141"", ""reason"": ""718""}]}"
c6558720-eeef-43f0-bd86-2f59afaa2dca,"{""rootcause"": [{""@rid"": ""#-1:8f613885-eec2-4b7a-b34e-f775c5805170"", ""title"": ""设备掉电"", ""location"": ""SubNetwork=26,ManagedElement=856736,Equipment=1,Rack=53,SubRack=1,Slot=1,PlugInUnit=1,SdrDeviceGroup=1"", ""reason"": ""1. 市电异常。\n2. 外部供电设备故障。""}]}"
c6f82f1f-0479-48b7-a2a6-deb0d9a3acf0,"{""rootcause"": [{""@rid"": ""#-1:c04665f9-395b-4dd8-80ad-94f6d8669e5c"", ""title"": ""射频单元IR接口异常告警"", ""location"": ""柜号:0; 框号:212; 槽号:0; 端口号:端口1; 类型:MRRU; :IR接口异常"", ""reason"": ""69""}]}"
c72b4d7b-fc9e-4318-ad69-70db8b828e1e,"{""rootcause"": [{""@rid"": ""#-1:db5e24db-0afd-401c-bf83-026c561a408f"", ""title"": ""设备掉电"", ""location"": ""sbn=2,NodeMe=474307,Equipment=1,rack=56,shelf=1,board=1"", ""reason"": ""1. 市电异常。\n2. 外部供电设备故障。""}, {""@rid"": ""#-1:96898fb7-2d67-4b5b-bb97-5e06b12f3f5a"", ""title"": ""设备掉电"", ""location"": ""sbn=2,NodeMe=474307,Equipment=1,rack=54,shelf=1,board=1"", ""reason"": ""1. 市电异常。\n2. 外部供电设备故障。""}, {""@rid"": ""#-1:2903fe53-95bd-427e-9d67-4e7e0d6c46e1"", ""title"": ""设备掉电"", ""location"": ""sbn=2,NodeMe=474307,Equipment=1,rack=55,shelf=1,board=1"", ""reason"": ""1. 市电异常。\n2. 外部供电设备故障。""}]}"
c7599953-97f2-4a06-bda1-fedade5d71c1,"{""rootcause"": [{""@rid"": ""#-1:260caa6d-9101-40b4-9c6c-314aff5a9089"", ""title"": ""射频单元直流掉电告警"", ""location"": ""柜号:0; 框号:212; 槽号:0; 类型:MRRU"", ""reason"": ""551""}, {""@rid"": ""#-1:ec79ebd9-ff98-4790-a198-74f40b89480c"", ""title"": ""射频单元直流掉电告警"", ""location"": ""柜号:0; 框号:200; 槽号:0; 类型:MRRU"", ""reason"": ""551""}, {""@rid"": ""#-1:e67941e8-b386-49ee-82e8-5e08233f6432"", ""title"": ""射频单元直流掉电告警"", ""location"": ""柜号:0; 框号:206; 槽号:0; 类型:MRRU"", ""reason"": ""551""}]}"
c8687f66-bb51-4f28-a589-11dea79beb5d,"{""rootcause"": [{""@rid"": ""#-1:8fd2acd0-8fc6-410e-be74-761c0735bef5"", ""title"": ""设备掉电"", ""location"": ""SubNetwork=13,ManagedElement=169916,Equipment=1,Rack=57,SubRack=1,Slot=1,PlugInUnit=1,SdrDeviceGroup=1"", ""reason"": ""1. 市电异常。\n2. 外部供电设备故障。""}, {""@rid"": ""#-1:36093e62-7742-4210-87a2-86976fa94822"", ""title"": ""设备掉电"", ""location"": ""SubNetwork=13,ManagedElement=169916,Equipment=1,Rack=55,SubRack=1,Slot=1,PlugInUnit=1,SdrDeviceGroup=1"", ""reason"": ""1. 市电异常。\n2. 外部供电设备故障。""}]}"
c90fbdec-4d8e-4282-9615-6515cf4d5c28,"{""rootcause"": [{""@rid"": ""#-1:1e81cc02-c5e8-4f66-a091-9a13f998084e"", ""title"": ""设备掉电"", ""location"": ""SubNetwork=5306,ManagedElement=295631,Equipment=1,Rack=55,SubRack=1,Slot=1,PlugInUnit=1,SdrDeviceGroup=1"", ""reason"": ""1. 市电异常。\n2. 外部供电设备故障。""}, {""@rid"": ""#-1:33465807-16cb-43d8-8f21-162d5cf0c8b8"", ""title"": ""设备掉电"", ""location"": ""SubNetwork=5306,ManagedElement=295631,Equipment=1,Rack=52,SubRack=1,Slot=1,PlugInUnit=1,SdrDeviceGroup=1"", ""reason"": ""1. 市电异常。\n2. 外部供电设备故障。""}, {""@rid"": ""#-1:d0535d6c-2e35-48b2-aecc-b60082755cd9"", ""title"": ""设备掉电"", ""location"": ""SubNetwork=5306,ManagedElement=295631,Equipment=1,Rack=58,SubRack=1,Slot=1,PlugInUnit=1,SdrDeviceGroup=1"", ""reason"": ""1. 市电异常。\n2. 外部供电设备故障。""}, {""@rid"": ""#-1:acb91af1-3d96-476e-bde9-f083fa2bccc7"", ""title"": ""设备掉电"", ""location"": ""SubNetwork=5306,ManagedElement=295631,Equipment=1,Rack=57,SubRack=1,Slot=1,PlugInUnit=1,SdrDeviceGroup=1"", ""reason"": ""1. 市电异常。\n2. 外部供电设备故障。""}, {""@rid"": ""#-1:d52c7d61-09df-4e89-82d1-5c620a03db4c"", ""title"": ""设备掉电"", ""location"": ""SubNetwork=5306,ManagedElement=295631,Equipment=1,Rack=53,SubRack=1,Slot=1,PlugInUnit=1,SdrDeviceGroup=1"", ""reason"": ""1. 市电异常。\n2. 外部供电设备故障。""}, {""@rid"": ""#-1:bf497ebd-3d01-4bbb-aa96-158df7ba7cf2"", ""title"": ""设备掉电"", ""location"": ""SubNetwork=5306,ManagedElement=295631,Equipment=1,Rack=54,SubRack=1,Slot=1,PlugInUnit=1,SdrDeviceGroup=1"", ""reason"": ""1. 市电异常。\n2. 外部供电设备故障。""}, {""@rid"": ""#-1:51b4a232-0d78-430d-8234-88f233de7232"", ""title"": ""设备掉电"", ""location"": ""SubNetwork=5306,ManagedElement=295631,Equipment=1,Rack=51,SubRack=1,Slot=1,PlugInUnit=1,SdrDeviceGroup=1"", ""reason"": ""1. 市电异常。\n2. 外部供电设备故障。""}, {""@rid"": ""#-1:a087592d-b6c6-4821-bd5c-e5ed365f0d17"", ""title"": ""设备掉电"", ""location"": ""SubNetwork=5306,ManagedElement=295631,Equipment=1,Rack=56,SubRack=1,Slot=1,PlugInUnit=1,SdrDeviceGroup=1"", ""reason"": ""1. 市电异常。\n2. 外部供电设备故障。""}]}"
c92159f0-ff4a-4ab3-8335-a33e384e12ea,"{""rootcause"": [{""@rid"": ""#-1:dd986c33-b96d-4a1b-8fa6-36d84e6fae08"", ""title"": ""射频单元交流掉电告警"", ""location"": ""柜号:0; 框号:208; 槽号:0; 类型:MRRU"", ""reason"": ""551""}]}"
c953c49e-0e7b-48f9-a8d1-24deed81a328,"{""rootcause"": [{""@rid"": ""#-1:24dfe644-796e-4da3-9506-214984f60422"", ""title"": ""射频单元维护链路异常告警"", ""location"": ""柜号:0; 框号:112; 槽号:0; 类型:MRRU; :"", ""reason"": ""567""}]}"
c99e715d-2587-4dde-85df-e0e3adb391f7,"{""rootcause"": [{""@rid"": ""#-1:a9425696-7183-4fea-a367-d3502c61ed65"", ""title"": ""设备掉电"", ""location"": ""sbn=7310,NodeMe=985987,Equipment=1,rack=69,shelf=1,board=1"", ""reason"": ""1. 市电异常。\n2. 外部供电设备故障。""}, {""@rid"": ""#-1:cde0adfe-c9cb-41c4-9186-544d90988111"", ""title"": ""设备掉电"", ""location"": ""sbn=7310,NodeMe=985987,Equipment=1,rack=66,shelf=1,board=1"", ""reason"": ""1. 市电异常。\n2. 外部供电设备故障。""}]}"
cae745ce-7f26-4428-8e39-e41f4afc7c6f,"{""rootcause"": [{""@rid"": ""#-1:80485240-57e4-4d89-8254-7943f52e9bbc"", ""title"": ""输入电源断"", ""location"": ""SubNetwork=1004,ManagedElement=1430122,Equipment=1,ReplaceableUnit=75"", ""reason"": ""输入电源断""}, {""@rid"": ""#-1:213881ed-b464-4f00-bb82-2a554aafbf3c"", ""title"": ""输入电源断"", ""location"": ""SubNetwork=1004,ManagedElement=1430122,Equipment=1,ReplaceableUnit=76"", ""reason"": ""输入电源断""}, {""@rid"": ""#-1:9c05565f-82f3-4017-b4d8-834af1e2a162"", ""title"": ""输入电源断"", ""location"": ""SubNetwork=1004,ManagedElement=1430122,Equipment=1,ReplaceableUnit=74"", ""reason"": ""输入电源断""}]}"
cc154efe-123e-463c-85be-6eba45656331,"{""rootcause"": [{""@rid"": ""#-1:b5971ea4-bb4a-4f40-854f-405cacb56dbd"", ""title"": ""射频单元交流掉电告警"", ""location"": ""柜号:0; 框号:174; 槽号:0; 类型:MRRU"", ""reason"": ""551""}]}"
cdae01fa-ffeb-421d-bce8-020d92e0b8ab,"{""rootcause"": [{""@rid"": ""#-1:5d580c2f-4090-49c7-b012-113160107336"", ""title"": ""射频单元交流掉电告警"", ""location"": ""柜号:0; 框号:200; 槽号:0; 类型:MRRU"", ""reason"": ""551""}, {""@rid"": ""#-1:7fca46ee-d12a-4ff7-aa32-f5502536c049"", ""title"": ""射频单元交流掉电告警"", ""location"": ""柜号:0; 框号:201; 槽号:0; 类型:MRRU"", ""reason"": ""551""}, {""@rid"": ""#-1:832d726b-149c-436d-b8e2-f5a1ebdc442c"", ""title"": ""射频单元交流掉电告警"", ""location"": ""柜号:0; 框号:90; 槽号:0; 类型:MRRU"", ""reason"": ""551""}, {""@rid"": ""#-1:bdd347fe-bdbd-4937-9f50-b5a36492708a"", ""title"": ""BBU IR接口异常告警"", ""location"": ""柜号:0; 框号:0; 槽号:2; 端口号:0; 端口号:0; 类型:UBBP; :"", ""reason"": ""567""}]}"
cefc0540-9428-4313-8a00-f1b04b7ea658,"{""rootcause"": [{""@rid"": ""#-1:8e2b9057-25d3-4325-877a-306b6391c8c0"", ""title"": ""射频单元驻波告警"", ""location"": ""柜号:0; 框号:226; 槽号:0; :1; 类型:MRRU; 告警(0.1):18; (0.1):18; 输出(0.1dBm):307; 端口:NULL"", ""reason"": ""516""}]}"
cf15d7f2-07ec-4d3d-835b-d27f41637ebb,"{""rootcause"": [{""@rid"": ""#-1:9b52db18-e498-4851-8a5c-5ecd081d9af6"", ""title"": ""以太网物理接口(ETPI) 信号丢失(LOS)"", ""location"": ""OIGE8A[0-1-1]-GE\\:6(LTE-B8300984505PT-ZFH)"", ""reason"": ""以太网物理接口(ETPI) 信号丢失(LOS)""}]}"
cf468c2e-951b-4c68-9820-5044c12c16ab,"{""rootcause"": [{""@rid"": ""#-1:508c69c3-33aa-4fd8-9357-9d990f688d27"", ""title"": ""输入电源断"", ""location"": ""SubNetwork=1004,ManagedElement=1430359,Equipment=1,ReplaceableUnit=73"", ""reason"": ""输入电源断""}, {""@rid"": ""#-1:3d82ce62-7871-4072-98ea-9cc2df81c60d"", ""title"": ""输入电源断"", ""location"": ""SubNetwork=1004,ManagedElement=1430359,Equipment=1,ReplaceableUnit=72"", ""reason"": ""输入电源断""}, {""@rid"": ""#-1:b0283f6f-0a24-4714-89a9-decc028096a2"", ""title"": ""输入电源断"", ""location"": ""SubNetwork=1004,ManagedElement=1430359,Equipment=1,ReplaceableUnit=71"", ""reason"": ""输入电源断""}]}"
cf632584-38e3-4b19-a412-2d6f8f537a2d,"{""rootcause"": [{""@rid"": ""#-1:1f996328-92e0-4fa1-a446-964932255442"", ""title"": ""网元连接中断"", ""location"": ""网元名称:5G北1H; 网元IP地址:10.153.166.130; 网元IP地址(IP Mode):NULL; 端口:6007; 错误:N/A; 信息:端口时; 分:MediationService5608; OMC IP:10.224.27.34"", ""reason"": ""718""}]}"
cf6edba4-a827-42ad-893f-fa4a34bb0f7d,"{""rootcause"": [{""@rid"": ""#-1:bff45af3-4b50-4ebc-af43-12c67c6a7f35"", ""title"": ""射频单元直流掉电告警"", ""location"": ""柜号:0; 框号:151; 槽号:0; 类型:AIRU"", ""reason"": ""551""}, {""@rid"": ""#-1:127aaacb-1205-451c-8688-aea1b22fc9c5"", ""title"": ""射频单元直流掉电告警"", ""location"": ""柜号:0; 框号:150; 槽号:0; 类型:AIRU"", ""reason"": ""551""}, {""@rid"": ""#-1:e81294f7-9809-4642-9738-78104d1b11b7"", ""title"": ""射频单元直流掉电告警"", ""location"": ""柜号:0; 框号:152; 槽号:0; 类型:AIRU"", ""reason"": ""551""}]}"
cffb4a48-6fd7-4306-8d3b-5124e9d17c96,"{""rootcause"": [{""@rid"": ""#-1:3df4959e-4e43-4f02-8971-087cbb9d39e1"", ""title"": ""天馈驻波比异常"", ""location"": ""SubNetwork=0,ManagedElement=3671641,Equipment=1,ReplaceableUnit=59,RfPort=ANT4"", ""reason"": ""天馈驻波比异常""}, {""@rid"": ""#-1:9b140eb6-a96b-43e1-8378-058ff4e58452"", ""title"": ""天馈驻波比异常"", ""location"": ""SubNetwork=0,ManagedElement=3671641,Equipment=1,ReplaceableUnit=59,RfPort=ANT2"", ""reason"": ""天馈驻波比异常""}]}"
d03066e3-edb6-4bd0-845a-d3c7a397f7b7,"{""rootcause"": [{""@rid"": ""#-1:8466e607-408a-4353-8c6d-05ae04f5999e"", ""title"": ""射频单元交流掉电告警"", ""location"": ""柜号:0; 框号:150; 槽号:0; 类型:AIRU"", ""reason"": ""551""}, {""@rid"": ""#-1:98c45d44-baa4-4f54-b9fc-bf17948361f1"", ""title"": ""射频单元交流掉电告警"", ""location"": ""柜号:0; 框号:151; 槽号:0; 类型:AIRU"", ""reason"": ""551""}]}"
d14a7ca0-eeb5-44b8-850a-fdc536f03f2c,"{""rootcause"": [{""@rid"": ""#-1:42acdfe3-9f36-4590-b93c-fde53edb48d5"", ""title"": ""BBU CPRI线速率协商异常告警"", ""location"": "":1; (/秒):1.25; (/秒):9.8; 描述信息:UBBP\\:0-0-3 Port\\:1 Subport\\:0"", ""reason"": ""567""}, {""@rid"": ""#-1:43925f7b-78f6-4739-95a6-06ff16cf31a1"", ""title"": ""射频单元维护链路异常告警"", ""location"": ""柜号:0; 框号:62; 槽号:0; 类型:MRRU; :"", ""reason"": ""567""}]}"
d276a9b3-bc6f-48ff-ab27-fd2e3d359b29,"{""rootcause"": [{""@rid"": ""#-1:d5616c23-768e-483a-ac05-1f1118735256"", ""title"": ""射频单元IR接口异常告警"", ""location"": ""柜号:0; 框号:237; 槽号:0; 端口号:端口0; 类型:MRRU; :IR接口异常"", ""reason"": ""69""}]}"
d2906204-8342-4348-af98-4608f8f335c3,"{""rootcause"": [{""@rid"": ""#-1:bf71e092-ba46-4b9b-b2f2-2f25fd08698b"", ""title"": ""光模块接收光功率异常"", ""location"": ""SubNetwork=CMCC-GZ-02,ManagedElement=12588010,Equipment=1,ReplaceableUnit=B_1_8,RiPort=OF3"", ""reason"": ""光模块接收功率过低""}, {""@rid"": ""#-1:9b9ddef2-3075-4be7-a055-6c6c54dd868a"", ""title"": ""光模块接收光功率异常"", ""location"": ""SubNetwork=CMCC-GZ-02,ManagedElement=12588010,Equipment=1,ReplaceableUnit=A_4,RiPort=OPT1"", ""reason"": ""光模块接收功率过低""}, {""@rid"": ""#-1:0188a4be-3b9d-4eb9-a7a6-5ae1b1afeb60"", ""title"": ""光模块接收光功率异常"", ""location"": ""SubNetwork=CMCC-GZ-02,ManagedElement=12588010,Equipment=1,ReplaceableUnit=B_1_8,RiPort=OF1"", ""reason"": ""光模块接收功率过低""}, {""@rid"": ""#-1:38d41046-6986-40f1-bad8-ba7e0656e9f4"", ""title"": ""光模块接收光功率异常"", ""location"": ""SubNetwork=CMCC-GZ-02,ManagedElement=12588010,Equipment=1,ReplaceableUnit=B_1_8,RiPort=OF2"", ""reason"": ""光模块接收功率过低""}, {""@rid"": ""#-1:02b27081-4abd-4332-aa30-5e0c1c0176ca"", ""title"": ""光口链路故障"", ""location"": ""SubNetwork=CMCC-GZ-02,ManagedElement=12588010,Equipment=1,ReplaceableUnit=B_1_8,RiPort=OF1"", ""reason"": ""光口链路故障""}]}"
d36feb73-c761-43ea-9c40-114ff1a8a318,"{""rootcause"": [{""@rid"": ""#-1:314207bf-4941-4e26-9263-ce2f12eb4b25"", ""title"": ""GNSS星卡锁星不足告警"", ""location"": ""柜号:0; 框号:0; 槽号:6; 类型:UMPT; :"", ""reason"": ""506""}]}"
d37febdc-5e69-4246-80b1-d2a0e0a8d3d8,"{""rootcause"": [{""@rid"": ""#-1:b36eea74-3939-483e-add6-7113ab2d69d5"", ""title"": ""设备掉电"", ""location"": ""SubNetwork=5304,ManagedElement=595023,Equipment=1,Rack=60,SubRack=1,Slot=1,PlugInUnit=1,SdrDeviceGroup=1"", ""reason"": ""1. 市电异常。\n2. 外部供电设备故障。""}, {""@rid"": ""#-1:27ca45b2-d377-43b1-9d8b-7b3dc1de824b"", ""title"": ""设备掉电"", ""location"": ""SubNetwork=5304,ManagedElement=595023,Equipment=1,Rack=59,SubRack=1,Slot=1,PlugInUnit=1,SdrDeviceGroup=1"", ""reason"": ""1. 市电异常。\n2. 外部供电设备故障。""}, {""@rid"": ""#-1:69a1a1ec-56a3-4a28-b21f-9d58d8b1aaa9"", ""title"": ""设备掉电"", ""location"": ""SubNetwork=5304,ManagedElement=595023,Equipment=1,Rack=63,SubRack=1,Slot=1,PlugInUnit=1,SdrDeviceGroup=1"", ""reason"": ""1. 市电异常。\n2. 外部供电设备故障。""}, {""@rid"": ""#-1:30da8373-f169-4ba9-bd99-acc20586ebb7"", ""title"": ""设备掉电"", ""location"": ""SubNetwork=5304,ManagedElement=595023,Equipment=1,Rack=62,SubRack=1,Slot=1,PlugInUnit=1,SdrDeviceGroup=1"", ""reason"": ""1. 市电异常。\n2. 外部供电设备故障。""}, {""@rid"": ""#-1:661b386c-91d2-4136-bf6b-c8e496e79e01"", ""title"": ""设备掉电"", ""location"": ""SubNetwork=5304,ManagedElement=595023,Equipment=1,Rack=61,SubRack=1,Slot=1,PlugInUnit=1,SdrDeviceGroup=1"", ""reason"": ""1. 市电异常。\n2. 外部供电设备故障。""}]}"
d3af2aee-7dc1-4e51-9412-857e58882314,"{""rootcause"": [{""@rid"": ""#-1:031d3372-8c73-4ad6-8c4c-827036af0dbe"", ""title"": ""BBU IR接口异常告警"", ""location"": ""柜号:0; 框号:0; 槽号:2; 端口号:3; 端口号:0; 类型:UBBP; :"", ""reason"": ""567""}]}"
d40e4051-cfb6-43e7-91ef-516cf3bedf62,"{""rootcause"": [{""@rid"": ""#-1:0835d1a8-6682-461c-8b76-3caf72a3621d"", ""title"": ""输入电源断"", ""location"": ""SubNetwork=1004,ManagedElement=1393254,Equipment=1,ReplaceableUnit=65"", ""reason"": ""外部掉电""}, {""@rid"": ""#-1:9124dc33-622b-4ec1-a1a4-3e4057a0250c"", ""title"": ""输入电源断"", ""location"": ""SubNetwork=1004,ManagedElement=1393254,Equipment=1,ReplaceableUnit=64"", ""reason"": ""外部掉电""}, {""@rid"": ""#-1:e8d7e913-5b2d-4966-83e4-dee06404c8fd"", ""title"": ""输入电源断"", ""location"": ""SubNetwork=1004,ManagedElement=1393254,Equipment=1,ReplaceableUnit=66"", ""reason"": ""外部掉电""}]}"
d450cd63-3e5d-4c67-b11a-517c03d7e3e0,"{""rootcause"": [{""@rid"": ""#-1:483c97ce-dbdd-4262-90a3-a87eb4bd5fb6"", ""title"": ""RRU链路断"", ""location"": ""SubNetwork=1004,ManagedElement=1427776,Equipment=1,ReplaceableUnit=77"", ""reason"": ""RRU链路断""}, {""@rid"": ""#-1:205309ec-59f8-49fa-ba5c-38f75d9e032d"", ""title"": ""RRU链路断"", ""location"": ""SubNetwork=1004,ManagedElement=1427776,Equipment=1,ReplaceableUnit=78"", ""reason"": ""RRU链路断""}]}"
d45f9f72-d6bb-44b6-b618-66de07838f78,"{""rootcause"": [{""@rid"": ""#-1:cc4e36ff-f7c6-4337-be93-ac9e8882aaa2"", ""title"": ""BBU IR接口异常告警"", ""location"": ""柜号:0; 框号:0; 槽号:2; 端口号:0; 端口号:0; 类型:UBBP; :"", ""reason"": ""567""}, {""@rid"": ""#-1:11ac3898-2b87-417a-842c-037070dacf9f"", ""title"": ""BBU IR接口异常告警"", ""location"": ""柜号:0; 框号:0; 槽号:2; 端口号:2; 端口号:0; 类型:UBBP; :"", ""reason"": ""567""}, {""@rid"": ""#-1:c2e12e39-c1df-4af7-b20c-09ef107c8295"", ""title"": ""BBU IR接口异常告警"", ""location"": ""柜号:0; 框号:0; 槽号:2; 端口号:1; 端口号:0; 类型:UBBP; :"", ""reason"": ""567""}]}"
d5033a12-f57f-40c9-80f5-1477e2d6f716,"{""rootcause"": [{""@rid"": ""#-1:640f65c6-fcd0-4ac4-bcdc-9b0e7898b0c0"", ""title"": ""设备掉电"", ""location"": ""SubNetwork=5300,ManagedElement=296366,Equipment=1,Rack=56,SubRack=1,Slot=1,PlugInUnit=1,SdrDeviceGroup=1"", ""reason"": ""1. 市电异常。\n2. 外部供电设备故障。""}, {""@rid"": ""#-1:6d06518c-6398-4c60-b8dc-1499f862be6f"", ""title"": ""设备掉电"", ""location"": ""SubNetwork=5300,ManagedElement=296366,Equipment=1,Rack=51,SubRack=1,Slot=1,PlugInUnit=1,SdrDeviceGroup=1"", ""reason"": ""1. 市电异常。\n2. 外部供电设备故障。""}, {""@rid"": ""#-1:e1e8941c-2f80-46fc-a4aa-892d463789f7"", ""title"": ""设备掉电"", ""location"": ""SubNetwork=5300,ManagedElement=296366,Equipment=1,Rack=57,SubRack=1,Slot=1,PlugInUnit=1,SdrDeviceGroup=1"", ""reason"": ""1. 市电异常。\n2. 外部供电设备故障。""}]}"
d51a4fe5-3721-4585-929c-0ca993c3a0be,"{""rootcause"": [{""@rid"": ""#-1:f90f6be7-6756-4e5d-904e-4dc1ba1ba0ef"", ""title"": ""单板处于初始化状态"", ""location"": ""SubNetwork=5308,ManagedElement=831172,Equipment=1,Rack=1,SubRack=1,Slot=10,PlugInUnit=1,SdrDeviceGroup=1"", ""reason"": ""1. 用户执行复位单板命令。\n2. 单板上电自启动。\n3. 软件异常导致单板自动复位。""}, {""@rid"": ""#-1:e3994fe4-4a5b-4ca3-bbd9-0624471cb5de"", ""title"": ""单板未配置"", ""location"": ""SubNetwork=5308,ManagedElement=831172,Equipment=1,Rack=1,SubRack=1"", ""reason"": ""1. OMC未配置单板。\n2. OMC配置的槽位和单板实际插入槽位不一致。""}, {""@rid"": ""#-1:961cc8a5-826b-420e-9fdd-48a1e984801b"", ""title"": ""光模块不可用"", ""location"": ""SubNetwork=5308,ManagedElement=831172,Equipment=1,Rack=1,SubRack=1,Slot=11,PlugInUnit=1,SdrDeviceGroup=1,FiberDeviceSet=1,FiberDevice=1"", ""reason"": ""1. 没有插入光/电模块。\n2. 光/电模块接插不到位。\n3. 光/电模块污染导致接触不良。\n4. 光/电模块损坏。\n5. 光/电模块插口损坏。""}, {""@rid"": ""#-1:7abefa77-6c6a-437f-9c2c-e4530545181a"", ""title"": ""单板不在位"", ""location"": ""SubNetwork=5308,ManagedElement=831172,Equipment=1,Rack=1,SubRack=1,Slot=10,PlugInUnit=1,SdrDeviceGroup=1"", ""reason"": ""1. OMC有配置的槽位，但实际没有插单板。\n2. OMC有配置的槽位，但单板没有插紧。\n3. OMC有配置的槽位，但接插件物理损坏。""}]}"
d5376a71-c48e-4351-ba60-f982778b3eb4,"{""rootcause"": [{""@rid"": ""#-1:b58038e7-1702-4761-a5c7-9d698b0103c3"", ""title"": ""[衍生告警]PTN光缆中断，单报LOS"", ""location"": ""OIGE8A[0-1-9]-GE\\:1"", ""reason"": ""以太网物理接口(ETPI) 信号丢失(LOS)""}, {""@rid"": ""#-1:a37892ad-1380-4b50-b583-162d0ac4b26d"", ""title"": ""以太网物理接口(ETPI) 信号丢失(LOS)"", ""location"": ""R4EGC[0-1-3]-GE\\:3"", ""reason"": ""以太网物理接口(ETPI) 信号丢失(LOS)""}, {""@rid"": ""#-1:80c55c8d-719d-4720-bb6e-7803308a4902"", ""title"": ""以太网物理接口(ETPI) 信号丢失(LOS)"", ""location"": ""R4EGC[0-1-1]-GE\\:1(LTE)"", ""reason"": ""以太网物理接口(ETPI) 信号丢失(LOS)""}, {""@rid"": ""#-1:e401b7b4-697f-434e-8437-4b2136d6904f"", ""title"": ""以太网物理接口(ETPI) 信号丢失(LOS)"", ""location"": ""R4EGC[0-1-2]-GE\\:3"", ""reason"": ""以太网物理接口(ETPI) 信号丢失(LOS)""}]}"
d572c05c-7b5b-4e09-96a3-b36ac0dc8923,"{""rootcause"": [{""@rid"": ""#-1:e4b093f2-c11a-4296-891f-4a1a9d723e05"", ""title"": ""输入电源断"", ""location"": ""SubNetwork=1008,ManagedElement=1387934,Equipment=1,ReplaceableUnit=64"", ""reason"": ""外部掉电""}]}"
d5e299a3-4a0c-4877-9436-36d761b7c3fe,"{""rootcause"": [{""@rid"": ""#-1:90d01cdf-989c-4a09-8bd9-a5306691cfcf"", ""title"": ""射频单元IR接口异常告警"", ""location"": ""柜号:0; 框号:203; 槽号:0; 端口号:端口0; 类型:MRRU; :IR接口异常"", ""reason"": ""69""}]}"
d62da5f0-d182-404f-89d9-d9e4812d96c0,"{""rootcause"": [{""@rid"": ""#-1:a01a0e11-88bc-411d-9d33-565e93d4ec14"", ""title"": ""输入电源断"", ""location"": ""SubNetwork=1004,ManagedElement=1416479,Equipment=1,ReplaceableUnit=63"", ""reason"": ""外部掉电""}, {""@rid"": ""#-1:38c7639e-5018-4ff5-8473-7246e4b66bcb"", ""title"": ""输入电源断"", ""location"": ""SubNetwork=1004,ManagedElement=1416479,Equipment=1,ReplaceableUnit=61"", ""reason"": ""外部掉电""}, {""@rid"": ""#-1:a32be6a5-ecee-4229-b48b-7bd498bf05b9"", ""title"": ""输入电源断"", ""location"": ""SubNetwork=1004,ManagedElement=1416479,Equipment=1,ReplaceableUnit=62"", ""reason"": ""外部掉电""}, {""@rid"": ""#-1:658bf7a2-100e-47bc-ae26-efe8e5350123"", ""title"": ""设备掉电"", ""location"": ""SubNetwork=1003,ManagedElement=499526,Equipment=1,Rack=51,SubRack=1,Slot=1,PlugInUnit=1,SdrDeviceGroup=1"", ""reason"": ""1. 市电异常。\n2. 外部供电设备故障。""}, {""@rid"": ""#-1:9d7f7ae1-fee3-4777-994a-226bea7c9635"", ""title"": ""设备掉电"", ""location"": ""SubNetwork=1003,ManagedElement=499526,Equipment=1,Rack=53,SubRack=1,Slot=1,PlugInUnit=1,SdrDeviceGroup=1"", ""reason"": ""1. 市电异常。\n2. 外部供电设备故障。""}, {""@rid"": ""#-1:60cbb12c-c15e-41c5-b91a-a03d07f2a87e"", ""title"": ""设备掉电"", ""location"": ""SubNetwork=1003,ManagedElement=499526,Equipment=1,Rack=52,SubRack=1,Slot=1,PlugInUnit=1,SdrDeviceGroup=1"", ""reason"": ""1. 市电异常。\n2. 外部供电设备故障。""}]}"
d74b307f-5792-4d8a-b419-ab3024ddb44a,"{""rootcause"": [{""@rid"": ""#-1:58ba0235-cd5b-421b-97f6-5ca089c0d8fd"", ""title"": ""输入电源断"", ""location"": ""SubNetwork=1004,ManagedElement=1411064,Equipment=1,ReplaceableUnit=64"", ""reason"": ""外部掉电""}, {""@rid"": ""#-1:057b6fab-e417-48cb-9300-cb8f7d585345"", ""title"": ""输入电源断"", ""location"": ""SubNetwork=1004,ManagedElement=1411064,Equipment=1,ReplaceableUnit=66"", ""reason"": ""外部掉电""}, {""@rid"": ""#-1:7b49cb4a-0ff9-4052-b512-c52c586a87af"", ""title"": ""输入电源断"", ""location"": ""SubNetwork=1004,ManagedElement=1411064,Equipment=1,ReplaceableUnit=65"", ""reason"": ""外部掉电""}]}"
d76f197c-0a39-4207-a819-0b55bdf0701c,"{""rootcause"": [{""@rid"": ""#-1:6246f467-1397-461e-9e5a-670a0c406023"", ""title"": ""天馈驻波比异常"", ""location"": ""sbn=1001,NodeMe=394145,Equipment=1,rack=51,shelf=1,board=1"", ""reason"": ""1. 天馈线缆接头制作不合格、未拧紧、进水或存在金属碎屑等异物。\n2. 天馈线缆存在挤压、弯折，或馈缆损坏。\n3. 射频单元硬件故障。\n4. 天线对着障碍物。\n5. 驻波比告警门限过低。""}]}"
d793d532-08ad-4410-a3fd-c09844eb67d0,"{""rootcause"": [{""@rid"": ""#-1:3a5dd430-23e8-4886-b4bc-5650aa31c41e"", ""title"": ""[衍生告警]PTN光缆中断，单报LOS"", ""location"": ""R1EXG[0-1-4]-10GE\\:1"", ""reason"": ""以太网物理接口(ETPI) 信号丢失(LOS)""}, {""@rid"": ""#-1:16b56bf4-e427-4983-bbcf-28d712f9d40e"", ""title"": ""[衍生告警]PTN光缆中断，单报LOS"", ""location"": ""PXGC[0-1-16]-10GE\\:4"", ""reason"": ""以太网物理接口(ETPI) 信号丢失(LOS)""}, {""@rid"": ""#-1:9a51b434-4156-4794-8b38-a6fdee45e488"", ""title"": ""[衍生告警]PTN光缆中断，单报LOS"", ""location"": ""PXGC[0-1-16]-10GE\\:4"", ""reason"": ""以太网物理接口(ETPI) 信号丢失(LOS)""}, {""@rid"": ""#-1:09fd80db-a684-4f66-b837-1248efd83f95"", ""title"": ""[衍生告警]PTN光缆中断，单报LOS"", ""location"": ""R1EXG[0-1-4]-10GE\\:1"", ""reason"": ""以太网物理接口(ETPI) 信号丢失(LOS)""}]}"
d7b73432-8545-486a-8820-7b7030be0af3,"{""rootcause"": [{""@rid"": ""#-1:33e99d65-b384-4658-9ce0-ecdc7c286b39"", ""title"": ""BBU CPRI接口异常告警"", ""location"": ""柜号:0; 框号:0; 槽号:0; 端口号:1; 端口号:0; 类型:UBBP; :CPRI接口异常"", ""reason"": ""567""}, {""@rid"": ""#-1:6884fa0e-d567-4b34-ac07-053b79402834"", ""title"": ""射频单元直流掉电告警"", ""location"": ""柜号:0; 框号:151; 槽号:0; 类型:AIRU"", ""reason"": ""551""}]}"
d7bd64b0-e1e8-432f-a82f-9553af0b402e,"{""rootcause"": [{""@rid"": ""#-1:90ca67bd-f5c6-4dfb-8947-80f33aa27c7f"", ""title"": ""射频单元交流掉电告警"", ""location"": ""柜号:0; 框号:60; 槽号:0; 类型:MRRU"", ""reason"": ""551""}, {""@rid"": ""#-1:70ffdf78-c02e-4ea7-b4c8-d9a08b2bff62"", ""title"": ""射频单元交流掉电告警"", ""location"": ""柜号:0; 框号:61; 槽号:0; 类型:MRRU"", ""reason"": ""551""}, {""@rid"": ""#-1:2b7cb358-4fbd-4c5e-a2f0-24a9d08049eb"", ""title"": ""射频单元交流掉电告警"", ""location"": ""柜号:0; 框号:62; 槽号:0; 类型:MRRU"", ""reason"": ""551""}]}"
d7cc47a5-d53c-4987-b0d2-1971d58257b4,"{""rootcause"": [{""@rid"": ""#-1:ddf8efbb-29ae-4b55-8acd-939fed47232a"", ""title"": ""射频单元直流掉电告警"", ""location"": ""柜号:0; 框号:60; 槽号:0; 类型:MRRU"", ""reason"": ""551""}, {""@rid"": ""#-1:d5378f39-a450-41b9-8007-9b6dbb28b9ff"", ""title"": ""射频单元直流掉电告警"", ""location"": ""柜号:0; 框号:63; 槽号:0; 类型:MRRU"", ""reason"": ""551""}, {""@rid"": ""#-1:54b7ba45-340d-4eaa-a21c-3a78c5f74e15"", ""title"": ""射频单元直流掉电告警"", ""location"": ""柜号:0; 框号:66; 槽号:0; 类型:MRRU"", ""reason"": ""551""}, {""@rid"": ""#-1:95306ed6-476f-43b8-85e0-24089a59d637"", ""title"": ""BBU CPRI接口异常告警"", ""location"": ""柜号:0; 框号:0; 槽号:2; 端口号:0; 端口号:0; 类型:UBBP; :CPRI接口异常"", ""reason"": ""567""}]}"
d7f62d3d-01fb-4f27-9403-384978cf2164,"{""rootcause"": [{""@rid"": ""#-1:a97ef705-69ea-4227-b808-2d55a3d913b6"", ""title"": ""设备掉电"", ""location"": ""SubNetwork=5301,ManagedElement=373782,Equipment=1,Rack=61,SubRack=1,Slot=1,PlugInUnit=1,SdrDeviceGroup=1"", ""reason"": ""1. 市电异常。\n2. 外部供电设备故障。""}, {""@rid"": ""#-1:bf2216f4-4465-4689-b9c2-b004ebb531e8"", ""title"": ""输入电源断"", ""location"": ""SubNetwork=5308,ManagedElement=2622047,Equipment=1,ReplaceableUnit=52"", ""reason"": ""外部掉电""}, {""@rid"": ""#-1:47d0e756-2ac3-4ef0-b2a0-14d56df61295"", ""title"": ""输入电源断"", ""location"": ""SubNetwork=5308,ManagedElement=2622047,Equipment=1,ReplaceableUnit=54"", ""reason"": ""外部掉电""}, {""@rid"": ""#-1:93aaa235-2588-49a7-ba79-42e1731d6896"", ""title"": ""输入电源断"", ""location"": ""SubNetwork=5308,ManagedElement=2622047,Equipment=1,ReplaceableUnit=51"", ""reason"": ""外部掉电""}, {""@rid"": ""#-1:f6d8e363-dda8-4963-91fa-e72e5744e28a"", ""title"": ""输入电源断"", ""location"": ""SubNetwork=5308,ManagedElement=2622047,Equipment=1,ReplaceableUnit=53"", ""reason"": ""外部掉电""}]}"
d93f86ee-6a65-4403-a4ac-383980928726,"{""rootcause"": [{""@rid"": ""#-1:81fd868e-5c1c-4931-a392-b71d03503147"", ""title"": ""输入电源断"", ""location"": ""SubNetwork=1004,ManagedElement=1430502,Equipment=1,ReplaceableUnit=62"", ""reason"": ""外部掉电""}, {""@rid"": ""#-1:40aba002-07bb-4199-b41f-2e7dec8a4e67"", ""title"": ""输入电源断"", ""location"": ""SubNetwork=1004,ManagedElement=1430502,Equipment=1,ReplaceableUnit=63"", ""reason"": ""外部掉电""}, {""@rid"": ""#-1:42ec17b1-823b-49ce-bcfa-e33ccbd0a042"", ""title"": ""输入电源断"", ""location"": ""SubNetwork=1004,ManagedElement=1430502,Equipment=1,ReplaceableUnit=61"", ""reason"": ""外部掉电""}]}"
d9ab3147-40ee-49d6-ac3e-78f887cebdfd,"{""rootcause"": [{""@rid"": ""#-1:abdd8bab-7e97-4bb9-b8f7-0725a5eb7ef5"", ""title"": ""天馈驻波比异常"", ""location"": ""SubNetwork=0,ManagedElement=2550129,Equipment=1,ReplaceableUnit=54,RfPort=ANT1"", ""reason"": ""天馈驻波比异常""}]}"
da04e704-0eed-4b25-858a-dd8b456430cf,"{""rootcause"": [{""@rid"": ""#-1:f85ee325-37e4-4bbc-80ba-770ce4d961f6"", ""title"": ""设备掉电"", ""location"": ""sbn=7318,NodeMe=459716,Equipment=1,rack=53,shelf=1,board=1"", ""reason"": ""1. 市电异常。\n2. 外部供电设备故障。""}]}"
da635df4-e0d2-427b-b901-498139f148cd,"{""rootcause"": [{""@rid"": ""#-1:71153bd1-b829-4fd3-9b2a-3f327b549fa6"", ""title"": ""射频单元驻波告警"", ""location"": ""柜号:0; 框号:62; 槽号:0; :1; 类型:MRRU; 告警(0.1):18; (0.1):250; 输出(0.1dBm):361; 端口:NULL"", ""reason"": ""516""}]}"
da6db3a8-9bae-463f-816b-f774519352cd,"{""rootcause"": [{""@rid"": ""#-1:af9aad4e-2f7d-484c-af06-96ae7a52b9b4"", ""title"": ""传输光接口异常告警"", ""location"": ""柜号:0; 框号:0; 槽号:6; 端口号:1; 类型:UMPT; :"", ""reason"": ""567""}]}"
db30f766-72b3-4f28-b29e-56db1f3e7c64,"{""rootcause"": [{""@rid"": ""#-1:bf64c4a2-55e6-42a5-b90a-302da86f1625"", ""title"": ""[衍生告警]PTN光缆中断，单报LOS"", ""location"": ""OIGE8[0-1-1]-GE\\:2"", ""reason"": ""以太网物理接口(ETPI) Ethernet端口未连接""}]}"
dba4993c-3ccd-4113-bf19-70a4abfb1266,"{""rootcause"": [{""@rid"": ""#-1:60bc6f30-a752-4814-9fc9-97e8521ee8a5"", ""title"": ""射频单元驻波告警"", ""location"": ""柜号:0; 框号:206; 槽号:0; :1; 类型:MRRU; 告警(0.1):20; (0.1):24; 输出(0.1dBm):240; 端口:NULL"", ""reason"": ""516""}]}"
dc8df7d5-edb9-4849-a7d5-f34a911a3107,"{""rootcause"": [{""@rid"": ""#-1:a539398f-2496-4bbf-b013-1b95ac75e348"", ""title"": ""射频单元交流掉电告警"", ""location"": ""柜号:0; 框号:160; 槽号:0; 类型:MRRU"", ""reason"": ""551""}, {""@rid"": ""#-1:14ae90c0-1b18-424d-a073-9ecb124ff841"", ""title"": ""射频单元交流掉电告警"", ""location"": ""柜号:0; 框号:152; 槽号:0; 类型:MRRU"", ""reason"": ""551""}, {""@rid"": ""#-1:67be42b7-1529-4762-bb08-fcdb71745993"", ""title"": ""射频单元交流掉电告警"", ""location"": ""柜号:0; 框号:151; 槽号:0; 类型:MRRU"", ""reason"": ""551""}, {""@rid"": ""#-1:9ffda348-fce3-45ce-9811-553add843f89"", ""title"": ""射频单元交流掉电告警"", ""location"": ""柜号:0; 框号:174; 槽号:0; 类型:MRRU"", ""reason"": ""551""}, {""@rid"": ""#-1:7a64105a-b788-4292-9c25-9f78a4f28d83"", ""title"": ""射频单元交流掉电告警"", ""location"": ""柜号:0; 框号:177; 槽号:0; 类型:MRRU"", ""reason"": ""551""}, {""@rid"": ""#-1:093f68ee-a160-4cc0-8508-36d378df4dfc"", ""title"": ""射频单元IR接口异常告警"", ""location"": ""柜号:0; 框号:155; 槽号:0; 端口号:端口1; 类型:MRRU; :IR接口异常"", ""reason"": ""69""}]}"
dca88556-da81-4fea-b5bc-537fd61e5b1f,"{""rootcause"": [{""@rid"": ""#-1:ef3ba863-64a9-4138-b82b-997bdacd95e2"", ""title"": ""射频单元驻波告警"", ""location"": ""柜号:0; 框号:201; 槽号:0; :1; 类型:MRRU; 告警(0.1):18; (0.1):20; 输出(0.1dBm):338; 端口:NULL"", ""reason"": ""516""}, {""@rid"": ""#-1:2a0c3a24-7037-4b80-8664-dfeb1a4ee85d"", ""title"": ""射频单元驻波告警"", ""location"": ""柜号:0; 框号:201; 槽号:0; :1; 类型:MRRU; 告警(0.1):18; (0.1):27; 输出(0.1dBm):343; 端口:NULL"", ""reason"": ""516""}]}"
dd29409d-298e-451b-8231-e0c53c0e420a,"{""rootcause"": [{""@rid"": ""#-1:8b8bf8e9-9748-4726-8fd5-e9565379f047"", ""title"": ""射频单元交流掉电告警"", ""location"": ""柜号:0; 框号:152; 槽号:0; 类型:MRRU"", ""reason"": ""551""}]}"
ddbf6564-e7e3-4562-9c4b-237fd58dcf00,"{""rootcause"": [{""@rid"": ""#-1:b9a62a33-7e81-4964-a858-f4279dc345a3"", ""title"": ""射频单元驻波告警"", ""location"": ""柜号:0; 框号:62; 槽号:0; :1; 类型:MRRU; 告警(0.1):18; (0.1):188; 输出(0.1dBm):163; 端口:NULL"", ""reason"": ""516""}]}"
dea57ec0-cb96-4c26-9710-cbe850478faf,"{""rootcause"": [{""@rid"": ""#-1:70b0477e-3401-4770-a51b-188be27963f8"", ""title"": ""光口链路故障"", ""location"": ""SubNetwork=CMCC-GZ-04,ManagedElement=12584876,Equipment=1,ReplaceableUnit=A_3,RiPort=OPT1"", ""reason"": ""光口链路故障""}, {""@rid"": ""#-1:455d1e4f-d4d6-4935-8400-3b922ed21ceb"", ""title"": ""光口链路故障"", ""location"": ""SubNetwork=CMCC-GZ-04,ManagedElement=12584876,Equipment=1,ReplaceableUnit=VBP_1_8,RiPort=OF3"", ""reason"": ""光口链路故障""}, {""@rid"": ""#-1:7e4cd7aa-a88a-4c10-a3a2-2851a3c57680"", ""title"": ""光口链路故障"", ""location"": ""SubNetwork=CMCC-GZ-04,ManagedElement=12584876,Equipment=1,ReplaceableUnit=A_2,RiPort=OPT1"", ""reason"": ""光口链路故障""}]}"
df6cbfdb-c0f8-48dd-b4cf-f0e8205fbe39,"{""rootcause"": [{""@rid"": ""#-1:bb0efa27-c50b-4379-b7dd-ecc863dc195e"", ""title"": ""RRU链路断"", ""location"": ""SubNetwork=1003,ManagedElement=16469,Equipment=1,Rack=53,SubRack=1,Slot=1,PlugInUnit=1,SdrDeviceGroup=1"", ""reason"": ""1. BBU和RRU之间或者上下级RRU之间的光纤故障。\n2. RRU光模块或上联的BBU光模块故障。\n3. RRU未供电。\n4. BBU接口单板故障。\n5. RRU故障。\n6. lr端口线速率配置错误。\n7. 单板硬件自检。""}]}"
dfe51067-16d9-4d80-bdae-ce2e4645b739,"{""rootcause"": [{""@rid"": ""#-1:d82cccf6-9043-4b78-a169-1befee776548"", ""title"": ""输入电压异常"", ""location"": ""SubNetwork=5306,ManagedElement=2622386,Equipment=1,ReplaceableUnit=VPD_1_5"", ""reason"": ""欠压""}]}"
e1300d1c-b631-40d9-ac85-ffc3c9e3b42d,"{""rootcause"": [{""@rid"": ""#-1:a1f68f54-3aa6-4925-b182-760a2a71fd64"", ""title"": ""射频单元交流掉电告警"", ""location"": ""柜号:0; 框号:151; 槽号:0; 类型:AIRU"", ""reason"": ""551""}, {""@rid"": ""#-1:9f9ca9e5-0998-4ffa-8d57-90215c563ce7"", ""title"": ""射频单元交流掉电告警"", ""location"": ""柜号:0; 框号:150; 槽号:0; 类型:AIRU"", ""reason"": ""551""}]}"
e257ed84-3b99-4e85-adda-b047d33555ed,"{""rootcause"": [{""@rid"": ""#-1:d2b8fe8b-1807-4253-8aa4-2933c53ad1c8"", ""title"": ""射频单元交流掉电告警"", ""location"": ""柜号:0; 框号:200; 槽号:0; 类型:MRRU"", ""reason"": ""551""}]}"
e29d9749-8013-4997-a158-295facbae560,"{""rootcause"": [{""@rid"": ""#-1:35ac0999-4d66-4d84-ab1f-4a4bbddcf524"", ""title"": ""网元连接中断"", ""location"": ""网元名称:CBN-1-H5H; 网元IP地址:10.184.163.190; 网元IP地址(IP Mode):NULL; 端口:6007; 错误:N/A; 信息:端口时; 分:MediationService5808; OMC IP:10.224.27.36"", ""reason"": ""718""}]}"
e325369b-cb75-4da1-af8d-90c4c192cbff,"{""rootcause"": [{""@rid"": ""#-1:41439e4a-91c5-4ba9-b5f5-b943e0b09fcd"", ""title"": ""RRU链路断"", ""location"": ""SubNetwork=5300,ManagedElement=2621453,Equipment=1,ReplaceableUnit=53"", ""reason"": ""RRU链路断""}]}"
e343acff-4e06-471a-bf9f-027c6dec3731,"{""rootcause"": [{""@rid"": ""#-1:17e640ca-b1f8-453a-a539-d531aaa24f42"", ""title"": ""RRU链路断"", ""location"": ""SubNetwork=5307,ManagedElement=2591344,Equipment=1,ReplaceableUnit=52"", ""reason"": ""RRU链路断""}]}"
e35160ec-b305-4fd7-aa5e-5a79c30be440,"{""rootcause"": [{""@rid"": ""#-1:893fda09-241d-4791-a405-ff09be0c9d2a"", ""title"": ""RRU链路断"", ""location"": ""SubNetwork=1003,ManagedElement=357998,Equipment=1,Rack=83,SubRack=1,Slot=1,PlugInUnit=1,SdrDeviceGroup=1"", ""reason"": ""1. BBU和RRU之间或者上下级RRU之间的光纤故障。2. RRU光模块或上联的BBU光模块故障。3. RRU未供电。4. BBU接口单板故障。5. RRU故障。6. lr端口线速率配置错误。7. 单板硬件自检。""}]}"
e3fac97b-b244-438e-b6e4-7bd8dce938e0,"{""rootcause"": [{""@rid"": ""#-1:ce6326ff-166a-445e-98ab-426435019b66"", ""title"": ""射频单元CPRI接口异常告警"", ""location"": ""柜号:0; 框号:153; 槽号:0; 端口号:端口1; 端口号:NULL; 类型:MRRU; :CPRI接口异常"", ""reason"": ""566""}]}"
e4320016-8daa-4ec3-986a-b6a3a74f8cb8,"{""rootcause"": [{""@rid"": ""#-1:92db9ace-49a4-40a0-ad83-e558cca740f1"", ""title"": ""射频单元直流掉电告警"", ""location"": ""柜号:0; 框号:220; 槽号:0; 类型:MRRU"", ""reason"": ""551""}, {""@rid"": ""#-1:1c5a8262-e7b6-46c8-b88b-d95184f14d5d"", ""title"": ""射频单元直流掉电告警"", ""location"": ""柜号:0; 框号:221; 槽号:0; 类型:MRRU"", ""reason"": ""551""}, {""@rid"": ""#-1:73a16900-8644-4d95-943a-f54171bdcde2"", ""title"": ""射频单元直流掉电告警"", ""location"": ""柜号:0; 框号:222; 槽号:0; 类型:MRRU"", ""reason"": ""551""}]}"
e539135d-8bba-4486-be89-ed22900c1ec5,"{""rootcause"": [{""@rid"": ""#-1:47a5ecc8-926e-43d9-97f9-203373ea8784"", ""title"": ""射频单元驻波告警"", ""location"": ""柜号:0; 框号:231; 槽号:0; :0; 类型:MRRU; 告警(0.1):18; (0.1):19; 输出(0.1dBm):355; 端口:NULL"", ""reason"": ""516""}, {""@rid"": ""#-1:4a9b133e-aee5-4af8-813c-894632063000"", ""title"": ""射频单元驻波告警"", ""location"": ""柜号:0; 框号:231; 槽号:0; :0; 类型:MRRU; 告警(0.1):18; (0.1):19; 输出(0.1dBm):361; 端口:NULL"", ""reason"": ""516""}]}"
e57d1093-5203-4573-a09d-fcb4c415e26a,"{""rootcause"": [{""@rid"": ""#-1:44169ed9-223f-4280-96e1-e13c6d16152a"", ""title"": ""RRU链路断"", ""location"": ""sbn=0,NodeMe=474953,Equipment=1,rack=57,shelf=1,board=1"", ""reason"": ""1. BBU和RRU之间或者上下级RRU之间的光纤故障。\n2. RRU光模块或上联的BBU光模块故障。\n3. RRU未供电。\n4. BBU接口单板故障。\n5. RRU故障。\n6. lr端口线速率配置错误。\n7. 单板硬件自检。""}, {""@rid"": ""#-1:15f39bda-1e47-4274-8cd6-9c3a4e9155cb"", ""title"": ""RRU链路断"", ""location"": ""sbn=0,NodeMe=474953,Equipment=1,rack=58,shelf=1,board=1"", ""reason"": ""1. BBU和RRU之间或者上下级RRU之间的光纤故障。\n2. RRU光模块或上联的BBU光模块故障。\n3. RRU未供电。\n4. BBU接口单板故障。\n5. RRU故障。\n6. lr端口线速率配置错误。\n7. 单板硬件自检。""}]}"
e6a573e7-a759-459c-b3ad-db9f5758a171,"{""rootcause"": [{""@rid"": ""#-1:e949df76-ff5c-432b-9e08-208d86b78717"", ""title"": ""输入电源断"", ""location"": ""SubNetwork=5309,ManagedElement=2646159,Equipment=1,ReplaceableUnit=52"", ""reason"": ""外部掉电""}, {""@rid"": ""#-1:6a2e4bf2-9e3a-40fb-8c00-0e53ea6007aa"", ""title"": ""输入电源断"", ""location"": ""SubNetwork=5309,ManagedElement=2646159,Equipment=1,ReplaceableUnit=51"", ""reason"": ""外部掉电""}]}"
e74096c8-61c6-4daf-974e-077655f8534b,"{""rootcause"": [{""@rid"": ""#-1:4522cd89-80ee-4022-9186-2e717c5949f1"", ""title"": ""BBU CPRI接口异常告警"", ""location"": ""柜号:0; 框号:0; 槽号:2; 端口号:0; 端口号:0; 类型:UBBP; :"", ""reason"": ""567""}]}"
e74c6963-9943-4a35-9c45-0d7bb1af61a6,"{""rootcause"": [{""@rid"": ""#-1:e5cfd33e-ac3c-43f9-af80-7c8ab81808fd"", ""title"": ""天馈驻波比异常"", ""location"": ""sbn=7311,NodeMe=985406,Equipment=1,rack=63,shelf=1,board=1"", ""reason"": ""1. 天馈线缆接头制作不合格、未拧紧、进水或存在金属碎屑等异物。\n2. 天馈线缆存在挤压、弯折，或馈缆损坏。\n3. 射频单元硬件故障。\n4. 天线对着障碍物。\n5. 驻波比告警门限过低。""}]}"
e7593119-f707-48db-916e-785a1f677381,"{""rootcause"": [{""@rid"": ""#-1:c2233f45-0b7d-4548-afdd-5cb93d5a5222"", ""title"": ""设备掉电"", ""location"": ""sbn=7312,NodeMe=462150,Equipment=1,rack=51,shelf=1,board=1"", ""reason"": ""1. 市电异常。\n2. 外部供电设备故障。""}, {""@rid"": ""#-1:302f29d3-06f6-4b30-a6cc-e562f784ee60"", ""title"": ""设备掉电"", ""location"": ""sbn=7312,NodeMe=462150,Equipment=1,rack=53,shelf=1,board=1"", ""reason"": ""1. 市电异常。\n2. 外部供电设备故障。""}]}"
e76c811b-0dcb-4e64-806d-3c649cb0eca1,"{""rootcause"": [{""@rid"": ""#-1:8ca81a17-16af-412c-9fd1-f090944709fa"", ""title"": ""设备掉电"", ""location"": ""sbn=7318,NodeMe=459720,Equipment=1,rack=55,shelf=1,board=1"", ""reason"": ""1. 市电异常。\n2. 外部供电设备故障。""}]}"
e7700f4a-e97e-40ad-bda5-afd0f92e7509,"{""rootcause"": [{""@rid"": ""#-1:678aaccb-9f5d-4fab-957b-cd94865e233e"", ""title"": ""光口接收链路故障"", ""location"": ""SubNetwork=5305,ManagedElement=595908,Equipment=1,Rack=1,SubRack=1,Slot=12,PlugInUnit=1,SdrDeviceGroup=1,FiberDeviceSet=1,FiberDevice=1"", ""reason"": ""1. 光纤/电缆损坏；\n2. 光纤/电缆端面污染；\n3. 本端或对端光/电模块或光纤/电缆没插好；\n4. 对端设备的光/电模块损坏；\n5. 光纤实际长度大于光模块支持的长度；\n6. 本端、对端的光模块速率不匹配；\n7. 对端设备工作异常。""}]}"
e7c0c3fe-f81e-494f-8faa-edcee9a23ce3,"{""rootcause"": [{""@rid"": ""#-1:fd3dc58b-d737-4271-91c0-b20e46d0a7a2"", ""title"": ""射频单元直流掉电告警"", ""location"": ""柜号:0; 框号:90; 槽号:0; 类型:MRRU"", ""reason"": ""551""}]}"
e84c37b0-5a87-4d8c-861f-83ab270e4744,"{""rootcause"": [{""@rid"": ""#-1:7f1de1bb-90e2-4608-933a-313798de1d90"", ""title"": ""BBU CPRI接口异常告警"", ""location"": ""柜号:0; 框号:0; 槽号:0; 端口号:0; 端口号:0; 类型:UBBP; :MAC"", ""reason"": ""567""}, {""@rid"": ""#-1:8a6173a6-ad92-48bb-b63f-654517f8d93e"", ""title"": ""BBU CPRI接口异常告警"", ""location"": ""柜号:0; 框号:0; 槽号:0; 端口号:0; 端口号:0; 类型:UBBP; :CPRI接口异常"", ""reason"": ""567""}]}"
e84dea47-7eab-4682-b981-3ab6f358ef57,"{""rootcause"": [{""@rid"": ""#-1:c659914f-aa59-49e0-b889-1fc8c57a92fe"", ""title"": ""光口接收链路故障"", ""location"": ""SubNetwork=5309,ManagedElement=373492,Equipment=1,Rack=1,SubRack=1,Slot=11,PlugInUnit=1,SdrDeviceGroup=1,FiberDeviceSet=1,FiberDevice=5"", ""reason"": ""1. 光纤/电缆损坏；\n2. 光纤/电缆端面污染；\n3. 本端或对端光/电模块或光纤/电缆没插好；\n4. 对端设备的光/电模块损坏；\n5. 光纤实际长度大于光模块支持的长度；\n6. 本端、对端的光模块速率不匹配；\n7. 对端设备工作异常。""}]}"
e8dcd7dc-771c-4366-a5b1-8a1ea25c54e3,"{""rootcause"": [{""@rid"": ""#-1:ff04b2a7-921d-47c3-97d3-b1714a5e1bc8"", ""title"": ""BBU CPRI接口异常告警"", ""location"": ""柜号:0; 框号:0; 槽号:0; 端口号:2; 端口号:0; 类型:UBBP; :CPRI接口异常"", ""reason"": ""567""}]}"
e90ab54c-d993-48e5-b0a2-74e278a3dca4,"{""rootcause"": [{""@rid"": ""#-1:692b2d87-683c-47e8-b9e5-3ecd59c4050d"", ""title"": ""设备掉电"", ""location"": ""SubNetwork=1003,ManagedElement=499529,Equipment=1,Rack=52,SubRack=1,Slot=1,PlugInUnit=1,SdrDeviceGroup=1"", ""reason"": ""1. 市电异常。2. 外部供电设备故障。""}, {""@rid"": ""#-1:f83526d5-0c96-47d4-94af-5e07d6931f05"", ""title"": ""设备掉电"", ""location"": ""SubNetwork=1003,ManagedElement=499529,Equipment=1,Rack=51,SubRack=1,Slot=1,PlugInUnit=1,SdrDeviceGroup=1"", ""reason"": ""1. 市电异常。2. 外部供电设备故障。""}, {""@rid"": ""#-1:3f901d26-bad7-4da1-b05b-28da9621c8ab"", ""title"": ""设备掉电"", ""location"": ""SubNetwork=1003,ManagedElement=499529,Equipment=1,Rack=53,SubRack=1,Slot=1,PlugInUnit=1,SdrDeviceGroup=1"", ""reason"": ""1. 市电异常。2. 外部供电设备故障。""}]}"
e91d27cd-b255-48d5-908a-4e0e50789845,"{""rootcause"": [{""@rid"": ""#-1:78b37f22-b39a-49a7-826d-385657707be7"", ""title"": ""光口接收链路故障"", ""location"": ""SubNetwork=1003,ManagedElement=495549,Equipment=1,Rack=1,SubRack=1,Slot=9,PlugInUnit=1,SdrDeviceGroup=1,FiberDeviceSet=1,FiberDevice=0"", ""reason"": ""1. 光纤/电缆损坏；2. 光纤/电缆端面污染；3. 本端或对端光/电模块或光纤/电缆没插好；4. 对端设备的光/电模块损坏；5. 光纤实际长度大于光模块支持的长度；6. 本端、对端的光模块速率不匹配；7. 对端设备工作异常。""}]}"
e9e4ea30-88f7-42c0-8ca0-4643f9ad623b,"{""rootcause"": [{""@rid"": ""#-1:a6735990-05c8-4abb-aea4-7d646b2bdf70"", ""title"": ""设备掉电"", ""location"": ""SubNetwork=1003,ManagedElement=495354,Equipment=1,Rack=67,SubRack=1,Slot=1,PlugInUnit=1,SdrDeviceGroup=1"", ""reason"": ""1. 市电异常。\n2. 外部供电设备故障。""}, {""@rid"": ""#-1:cf012780-138d-46a7-870e-4867e6383c1c"", ""title"": ""设备掉电"", ""location"": ""SubNetwork=1003,ManagedElement=495354,Equipment=1,Rack=69,SubRack=1,Slot=1,PlugInUnit=1,SdrDeviceGroup=1"", ""reason"": ""1. 市电异常。\n2. 外部供电设备故障。""}, {""@rid"": ""#-1:d38cc1c3-cb00-4d20-9066-e92dd7d658f9"", ""title"": ""设备掉电"", ""location"": ""SubNetwork=1003,ManagedElement=495354,Equipment=1,Rack=62,SubRack=1,Slot=1,PlugInUnit=1,SdrDeviceGroup=1"", ""reason"": ""1. 市电异常。\n2. 外部供电设备故障。""}, {""@rid"": ""#-1:14b85357-17cc-470e-a820-67ccbb515b7a"", ""title"": ""设备掉电"", ""location"": ""SubNetwork=1003,ManagedElement=495354,Equipment=1,Rack=65,SubRack=1,Slot=1,PlugInUnit=1,SdrDeviceGroup=1"", ""reason"": ""1. 市电异常。\n2. 外部供电设备故障。""}, {""@rid"": ""#-1:444239ca-b317-49be-9ecc-5d71759af73c"", ""title"": ""设备掉电"", ""location"": ""SubNetwork=1003,ManagedElement=495354,Equipment=1,Rack=63,SubRack=1,Slot=1,PlugInUnit=1,SdrDeviceGroup=1"", ""reason"": ""1. 市电异常。\n2. 外部供电设备故障。""}, {""@rid"": ""#-1:43c29f81-a701-43d5-82be-47c807eaeef7"", ""title"": ""设备掉电"", ""location"": ""SubNetwork=1003,ManagedElement=495354,Equipment=1,Rack=61,SubRack=1,Slot=1,PlugInUnit=1,SdrDeviceGroup=1"", ""reason"": ""1. 市电异常。\n2. 外部供电设备故障。""}, {""@rid"": ""#-1:610c7c1d-c1e8-4f8c-a3d4-c3c67c55794b"", ""title"": ""设备掉电"", ""location"": ""SubNetwork=1003,ManagedElement=495354,Equipment=1,Rack=71,SubRack=1,Slot=1,PlugInUnit=1,SdrDeviceGroup=1"", ""reason"": ""1. 市电异常。\n2. 外部供电设备故障。""}]}"
ea15f98c-3910-4c05-b01e-4cb162ab518b,"{""rootcause"": [{""@rid"": ""#-1:8182ba34-d87d-4b5c-941c-a4f1f2aa5fba"", ""title"": ""射频单元交流掉电告警"", ""location"": ""柜号:0; 框号:200; 槽号:0; 类型:MRRU"", ""reason"": ""551""}]}"
eaad37d6-1779-4a23-9ba8-620008df08ce,"{""rootcause"": [{""@rid"": ""#-1:5ea8b9b7-bfd5-48b3-a123-d8eddc7501fb"", ""title"": ""单板处于初始化状态"", ""location"": ""SubNetwork=1004,ManagedElement=1399007,Equipment=1,ReplaceableUnit=VBP_1_3"", ""reason"": ""单板处于初始化状态""}]}"
eac28a99-2650-4dee-9f74-7054f480be19,"{""rootcause"": [{""@rid"": ""#-1:a13e48cd-02a9-4620-9bf1-dfff291688e0"", ""title"": ""以太网物理接口(ETPI) 信号丢失(LOS)"", ""location"": ""PXGC12T1[0-1-24]-10GE\\:12(TO-BRAS--HZE-10GE-RT16-Xgei-15/0/16)"", ""reason"": ""以太网物理接口(ETPI) 信号丢失(LOS)""}]}"
ec29e918-14f2-401c-b325-87eabc53504f,"{""rootcause"": [{""@rid"": ""#-1:d7410625-4263-4ba5-be53-0449ef0ad522"", ""title"": ""输入电源断"", ""location"": ""SubNetwork=1004,ManagedElement=1430603,Equipment=1,ReplaceableUnit=67"", ""reason"": ""外部掉电""}]}"
ed52fdc5-fce4-4fb1-a76e-bf6732d6360f,"{""rootcause"": [{""@rid"": ""#-1:a9b82473-fe2e-4997-915e-778169fc0e05"", ""title"": ""射频单元交流掉电告警"", ""location"": ""柜号:0; 框号:150; 槽号:0; 类型:AIRU"", ""reason"": ""551""}, {""@rid"": ""#-1:a0e9e899-911d-4db9-93d9-72c4b269ec80"", ""title"": ""射频单元交流掉电告警"", ""location"": ""柜号:0; 框号:152; 槽号:0; 类型:AIRU"", ""reason"": ""551""}, {""@rid"": ""#-1:85b8bc03-1b4b-4005-9a4b-eada7b3aa94d"", ""title"": ""射频单元交流掉电告警"", ""location"": ""柜号:0; 框号:151; 槽号:0; 类型:AIRU"", ""reason"": ""551""}, {""@rid"": ""#-1:62e818ae-ef1e-4865-86f2-1fdda72336cf"", ""title"": ""GNSS星卡锁星不足告警"", ""location"": ""柜号:0; 框号:0; 槽号:7; 类型:UMPT; :"", ""reason"": ""506""}, {""@rid"": ""#-1:3a5a4935-cb92-4053-9467-aff09ae6d9af"", ""title"": ""射频单元交流掉电告警"", ""location"": ""柜号:0; 框号:152; 槽号:0; 类型:AIRU"", ""reason"": ""551""}, {""@rid"": ""#-1:4cce7ba8-7391-4aa3-916e-77aa81fca372"", ""title"": ""射频单元交流掉电告警"", ""location"": ""柜号:0; 框号:150; 槽号:0; 类型:AIRU"", ""reason"": ""551""}, {""@rid"": ""#-1:9ca0945b-4ba1-4c80-978a-4ec10253f9d9"", ""title"": ""射频单元交流掉电告警"", ""location"": ""柜号:0; 框号:151; 槽号:0; 类型:AIRU"", ""reason"": ""551""}]}"
edcaa16f-fee4-415e-88ac-ba68e7aa0087,"{""rootcause"": [{""@rid"": ""#-1:fdaaf547-da3c-47bd-b583-00d8af72e779"", ""title"": ""BBU CPRI接口异常告警"", ""location"": ""柜号:0; 框号:0; 槽号:2; 端口号:2; 端口号:0; 类型:UBBP; :CPRI接口异常"", ""reason"": ""567""}, {""@rid"": ""#-1:15481d42-9eaf-49b8-b470-acaeb2a0cd64"", ""title"": ""BBU CPRI接口异常告警"", ""location"": ""柜号:0; 框号:0; 槽号:2; 端口号:1; 端口号:0; 类型:UBBP; :CPRI接口异常"", ""reason"": ""567""}]}"
edf35c43-b3c6-4ee0-b82e-b19e942bec89,"{""rootcause"": [{""@rid"": ""#-1:ef287787-1912-4ad7-bf9c-ae9efc06996c"", ""title"": ""射频单元直流掉电告警"", ""location"": ""柜号:0; 框号:113; 槽号:0; 类型:MRRU"", ""reason"": ""551""}, {""@rid"": ""#-1:bb31e165-f752-464e-8ae3-cbb3adabf6c9"", ""title"": ""射频单元直流掉电告警"", ""location"": ""柜号:0; 框号:111; 槽号:0; 类型:MRRU"", ""reason"": ""551""}, {""@rid"": ""#-1:7fded5c1-8979-4d21-8914-3e5010e3e466"", ""title"": ""射频单元直流掉电告警"", ""location"": ""柜号:0; 框号:112; 槽号:0; 类型:MRRU"", ""reason"": ""551""}, {""@rid"": ""#-1:ba21b8f6-ec0f-44cc-bbc2-021fcb1a88ac"", ""title"": ""射频单元直流掉电告警"", ""location"": ""柜号:0; 框号:150; 槽号:0; 类型:AIRU"", ""reason"": ""551""}, {""@rid"": ""#-1:fe8bca5e-2c38-4a5e-90a7-1cfa80530841"", ""title"": ""BBU IR接口异常告警"", ""location"": ""柜号:0; 框号:0; 槽号:2; 端口号:1; 端口号:0; 类型:UBBP; :"", ""reason"": ""567""}, {""@rid"": ""#-1:48f6ab5f-d75b-4029-9bf3-aa643d2f80ca"", ""title"": ""BBU IR接口异常告警"", ""location"": ""柜号:0; 框号:0; 槽号:2; 端口号:2; 端口号:0; 类型:UBBP; :"", ""reason"": ""567""}, {""@rid"": ""#-1:bce294b8-0f46-42d2-8eca-612d2a5f1c22"", ""title"": ""BBU IR接口异常告警"", ""location"": ""柜号:0; 框号:0; 槽号:2; 端口号:0; 端口号:0; 类型:UBBP; :"", ""reason"": ""567""}]}"
ee2076f5-485f-4b8e-8448-ef880056c413,"{""rootcause"": [{""@rid"": ""#-1:333dfbf4-37ae-4e20-9ed3-0ca1ff3a4662"", ""title"": ""单板硬件故障告警"", ""location"": ""柜号:0; 框号:0; 槽号:6; 类型:UMPT; :"", ""reason"": ""509""}]}"
ee243b83-b1d5-46e1-83d1-3cb8ed568a53,"{""rootcause"": [{""@rid"": ""#-1:e3a37f39-a4c3-47c4-af94-2096daa30dbe"", ""title"": ""射频单元交流掉电告警"", ""location"": ""柜号:0; 框号:200; 槽号:0; 类型:MRRU"", ""reason"": ""551""}]}"
ee3543ef-79bf-4b28-8c2a-33b6375ed4a0,"{""rootcause"": [{""@rid"": ""#-1:8b586547-ab2e-45c6-9a82-0a0e6eebf185"", ""title"": ""射频单元交流掉电告警"", ""location"": ""柜号:0; 框号:63; 槽号:0; 类型:MRRU"", ""reason"": ""551""}, {""@rid"": ""#-1:d479876b-d54a-4540-9f55-c8b229010011"", ""title"": ""射频单元交流掉电告警"", ""location"": ""柜号:0; 框号:151; 槽号:0; 类型:MRRU"", ""reason"": ""551""}]}"
ee6048ef-5cdc-4364-978b-51df5d8eb467,"{""rootcause"": [{""@rid"": ""#-1:f77c62cb-2cea-430f-ace6-e1d699d06fd1"", ""title"": ""GNSS星卡锁星不足告警"", ""location"": ""柜号:0; 框号:0; 槽号:7; 类型:UMPT; :"", ""reason"": ""506""}]}"
ee87780c-0622-43c1-9b73-9a5cfe46dd0a,"{""rootcause"": [{""@rid"": ""#-1:add81954-11f8-4c9f-ae8e-4bd638196b7e"", ""title"": ""射频单元直流掉电告警"", ""location"": ""柜号:0; 框号:61; 槽号:0; 类型:MRRU"", ""reason"": ""551""}, {""@rid"": ""#-1:1b5ac3e3-83ce-4337-a6da-429387cd366e"", ""title"": ""射频单元直流掉电告警"", ""location"": ""柜号:0; 框号:67; 槽号:0; 类型:MRRU"", ""reason"": ""551""}, {""@rid"": ""#-1:639b581f-3839-4334-9e32-551b5555157c"", ""title"": ""射频单元直流掉电告警"", ""location"": ""柜号:0; 框号:64; 槽号:0; 类型:MRRU"", ""reason"": ""551""}]}"
ef6ed502-c16d-487f-afba-1b83ba645fdd,"{""rootcause"": [{""@rid"": ""#-1:2b3a7d2c-b16c-43a0-ad30-8673842f01ad"", ""title"": ""BBU IR接口异常告警"", ""location"": ""柜号:0; 框号:0; 槽号:4; 端口号:0; 端口号:0; 类型:UBBP; :"", ""reason"": ""567""}]}"
ef88c529-5cdb-49b2-9a7a-11fdd4f1b867,"{""rootcause"": [{""@rid"": ""#-1:8fe8736c-8ee5-458e-9c1b-976da1ab602d"", ""title"": ""光口链路故障"", ""location"": ""SubNetwork=CMCC-GZ-02,ManagedElement=12589867,Equipment=1,ReplaceableUnit=B_1_8,RiPort=OF2"", ""reason"": ""光口链路故障""}]}"
ef8a43ec-0d62-4662-9035-53072e7efa12,"{""rootcause"": [{""@rid"": ""#-1:719d9cb5-eb10-4e6b-9790-9277426524b5"", ""title"": ""输入电源断"", ""location"": ""SubNetwork=1004,ManagedElement=1404656,Equipment=1,ReplaceableUnit=76"", ""reason"": ""输入电源断""}, {""@rid"": ""#-1:82885ffa-3750-4c17-92f5-482157fd8ed5"", ""title"": ""输入电源断"", ""location"": ""SubNetwork=1004,ManagedElement=1404656,Equipment=1,ReplaceableUnit=75"", ""reason"": ""输入电源断""}, {""@rid"": ""#-1:22e08aec-4ace-4a8b-b929-ee9245cac920"", ""title"": ""输入电源断"", ""location"": ""SubNetwork=1004,ManagedElement=1404656,Equipment=1,ReplaceableUnit=74"", ""reason"": ""输入电源断""}]}"
ef9521a6-f6f6-4d15-bfe5-0c315d9e7e97,"{""rootcause"": [{""@rid"": ""#-1:5b590f6e-ae9a-4171-9235-dfaf743347c2"", ""title"": ""设备掉电"", ""location"": ""SubNetwork=1003,ManagedElement=507267,Equipment=1,Rack=63,SubRack=1,Slot=1,PlugInUnit=1,SdrDeviceGroup=1"", ""reason"": ""1. 市电异常。\n2. 外部供电设备故障。""}, {""@rid"": ""#-1:69badc07-9e15-4f4b-8131-14530c70ab8f"", ""title"": ""设备掉电"", ""location"": ""SubNetwork=1003,ManagedElement=507267,Equipment=1,Rack=62,SubRack=1,Slot=1,PlugInUnit=1,SdrDeviceGroup=1"", ""reason"": ""1. 市电异常。\n2. 外部供电设备故障。""}, {""@rid"": ""#-1:a594044a-2d40-44ca-8bd7-925d33303364"", ""title"": ""设备掉电"", ""location"": ""SubNetwork=1003,ManagedElement=507267,Equipment=1,Rack=64,SubRack=1,Slot=1,PlugInUnit=1,SdrDeviceGroup=1"", ""reason"": ""1. 市电异常。\n2. 外部供电设备故障。""}, {""@rid"": ""#-1:09dcf78c-f556-48bc-9213-b11f8b9e3b66"", ""title"": ""设备掉电"", ""location"": ""SubNetwork=1003,ManagedElement=507267,Equipment=1,Rack=61,SubRack=1,Slot=1,PlugInUnit=1,SdrDeviceGroup=1"", ""reason"": ""1. 市电异常。\n2. 外部供电设备故障。""}, {""@rid"": ""#-1:3ca20157-58e7-4e15-afa4-54c4043aea1f"", ""title"": ""设备掉电"", ""location"": ""SubNetwork=1003,ManagedElement=507209,Equipment=1,Rack=62,SubRack=1,Slot=1,PlugInUnit=1,SdrDeviceGroup=1"", ""reason"": ""1. 市电异常。\n2. 外部供电设备故障。""}, {""@rid"": ""#-1:a1343530-5a78-4d7b-9cb7-caee0ff11f4c"", ""title"": ""设备掉电"", ""location"": ""SubNetwork=1003,ManagedElement=507209,Equipment=1,Rack=61,SubRack=1,Slot=1,PlugInUnit=1,SdrDeviceGroup=1"", ""reason"": ""1. 市电异常。\n2. 外部供电设备故障。""}]}"
efad42e2-5cfc-4305-a609-9562397e7bb6,"{""rootcause"": [{""@rid"": ""#-1:1db1e9fd-0c2d-4c78-9916-c0133cfdedbc"", ""title"": ""射频单元驻波告警"", ""location"": ""柜号:0; 框号:159; 槽号:0; :0; 类型:MRRU; 告警(0.1):20; (0.1):20; 输出(0.1dBm):376; 端口:NULL"", ""reason"": ""516""}]}"
efe635c8-8368-41be-8fa8-4b1ec7a5e1a4,"{""rootcause"": [{""@rid"": ""#-1:6c829038-18e3-4b76-8990-eb43a5bd0604"", ""title"": ""射频单元CPRI接口异常告警"", ""location"": ""柜号:0; 框号:201; 槽号:0; 端口号:端口0; 端口号:NULL; 类型:MRRU; :CPRI接口异常"", ""reason"": ""566""}]}"
eff0e6e2-1dd6-47de-a4c9-90ab1599c283,"{""rootcause"": [{""@rid"": ""#-1:087616ba-9379-421d-ab2f-c8eeab012581"", ""title"": ""射频单元驻波告警"", ""location"": ""柜号:0; 框号:91; 槽号:0; :3; 类型:MRRU; 告警(0.1):15; (0.1):15; 输出(0.1dBm):343; 端口:NULL"", ""reason"": ""516""}, {""@rid"": ""#-1:a3ad409b-4fd8-4b2e-8588-50c321fd58c4"", ""title"": ""射频单元驻波告警"", ""location"": ""柜号:0; 框号:91; 槽号:0; :3; 类型:MRRU; 告警(0.1):15; (0.1):15; 输出(0.1dBm):373; 端口:NULL"", ""reason"": ""516""}]}"
eff8f9b6-1cb4-483c-9128-cf8a4985dbf4,"{""rootcause"": [{""@rid"": ""#-1:fad88414-d576-4924-b598-15c725fb5096"", ""title"": ""BBU CPRI接口异常告警"", ""location"": ""柜号:0; 框号:0; 槽号:1; 端口号:2; 端口号:0; 类型:UBBP; :MAC"", ""reason"": ""567""}, {""@rid"": ""#-1:3b93db15-0374-46ce-835b-0d07201f4167"", ""title"": ""BBU CPRI接口异常告警"", ""location"": ""柜号:0; 框号:0; 槽号:1; 端口号:1; 端口号:0; 类型:UBBP; :"", ""reason"": ""567""}, {""@rid"": ""#-1:494af56d-7f69-4c80-a9cd-ce8310c57c43"", ""title"": ""BBU CPRI接口异常告警"", ""location"": ""柜号:0; 框号:0; 槽号:1; 端口号:2; 端口号:0; 类型:UBBP; :CPRI接口异常"", ""reason"": ""567""}]}"
f0361adb-bb30-44b3-8152-a04b328205f4,"{""rootcause"": [{""@rid"": ""#-1:03d0f3ce-8720-43d2-b806-fcd5b44c5221"", ""title"": ""射频单元直流掉电告警"", ""location"": ""柜号:0; 框号:152; 槽号:0; 类型:AIRU"", ""reason"": ""551""}, {""@rid"": ""#-1:91b10c29-bca3-42f6-927f-8e6b89d910d3"", ""title"": ""射频单元直流掉电告警"", ""location"": ""柜号:0; 框号:201; 槽号:0; 类型:MRRU"", ""reason"": ""551""}]}"
f11b9469-743e-44d1-b27c-8d1a3cf0bd3a,"{""rootcause"": [{""@rid"": ""#-1:b41b01b5-705b-4a0d-8e24-29dc5fdbe16b"", ""title"": ""光口链路故障"", ""location"": ""SubNetwork=5307,ManagedElement=2572991,Equipment=1,ReplaceableUnit=51,RiPort=OPT1"", ""reason"": ""光口链路故障""}, {""@rid"": ""#-1:ba6e2836-d8f4-45e9-a2dc-9fc777bd34f4"", ""title"": ""RRU链路断"", ""location"": ""SubNetwork=5307,ManagedElement=2572991,Equipment=1,ReplaceableUnit=51"", ""reason"": ""RRU链路断""}]}"
f131b77a-0283-4e0e-bb40-2908925bb750,"{""rootcause"": [{""@rid"": ""#-1:6571a4ff-dec5-4265-89cb-8d4280677f3f"", ""title"": ""输入电源断"", ""location"": ""SubNetwork=1004,ManagedElement=1404729,Equipment=1,ReplaceableUnit=62"", ""reason"": ""外部掉电""}, {""@rid"": ""#-1:4dad6a87-2f52-4bb8-8492-1b3a2a7a75ea"", ""title"": ""输入电源断"", ""location"": ""SubNetwork=1004,ManagedElement=1404729,Equipment=1,ReplaceableUnit=63"", ""reason"": ""外部掉电""}, {""@rid"": ""#-1:10a98572-2f5a-4551-89a8-b3324c1d84b5"", ""title"": ""输入电源断"", ""location"": ""SubNetwork=1004,ManagedElement=1404729,Equipment=1,ReplaceableUnit=61"", ""reason"": ""外部掉电""}]}"
f146cc93-287c-4e04-b2ea-b59e1ad4484c,"{""rootcause"": [{""@rid"": ""#-1:fe2d7dac-ff1b-4490-8c28-9a93e9d2d919"", ""title"": ""射频单元业务不可用告警"", ""location"": ""eNodeB名称:(6分)D5900984716TF-HLW; 本地:133; :TDD; 柜号:0; 框号:230; 槽号:0; NB-IoT:FALSE; eNodeB分:NULL; 名称:(6分)D5900984716TF-HLW-133; eNodeB:984716; :133; :异常"", ""reason"": ""509""}]}"
f1f18c6f-7dd9-4ca9-b882-258667ae03d4,"{""rootcause"": [{""@rid"": ""#-1:da60e886-c4a8-4c1f-81d8-d92d05e6d248"", ""title"": ""设备掉电"", ""location"": ""sbn=7312,NodeMe=983895,Equipment=1,rack=53,shelf=1,board=1"", ""reason"": ""1. 市电异常。\n2. 外部供电设备故障。""}, {""@rid"": ""#-1:4f2078db-1d23-415b-aa1c-055bcc679714"", ""title"": ""设备掉电"", ""location"": ""sbn=7312,NodeMe=983895,Equipment=1,rack=52,shelf=1,board=1"", ""reason"": ""1. 市电异常。\n2. 外部供电设备故障。""}]}"
f20af7b2-5a14-4aa1-9f8b-50384c3be0bc,"{""rootcause"": [{""@rid"": ""#-1:42157165-59fb-4c2d-b4e1-63197696d5d3"", ""title"": ""输入电源断"", ""location"": ""SubNetwork=1004,ManagedElement=1397953,Equipment=1"", ""reason"": ""外部供电异常""}]}"
f380a755-1ab4-4d0f-98b9-a5e62135af92,"{""rootcause"": [{""@rid"": ""#-1:c8ca9458-e6b6-4db1-82b8-b7b63b39527b"", ""title"": ""RRU链路断"", ""location"": ""sbn=7311,NodeMe=475107,Equipment=1,rack=51,shelf=1,board=1"", ""reason"": ""1. BBU和RRU之间或者上下级RRU之间的光纤故障。\n2. RRU光模块或上联的BBU光模块故障。\n3. RRU未供电。\n4. BBU接口单板故障。\n5. RRU故障。\n6. lr端口线速率配置错误。\n7. 单板硬件自检。""}]}"
f3ae265e-dee6-44b6-9848-33c435f5eb76,"{""rootcause"": [{""@rid"": ""#-1:57cecc83-7b0c-4ee5-a8b7-911e6945d8b5"", ""title"": ""射频单元CPRI接口异常告警"", ""location"": ""柜号:0; 框号:204; 槽号:0; 端口号:端口0; 端口号:NULL; 类型:MRRU; :CPRI接口异常"", ""reason"": ""566""}]}"
f4d02f27-f4f4-4203-af46-823db56c0901,"{""rootcause"": [{""@rid"": ""#-1:28b07837-c8e0-4ae7-b8e6-1c904413536e"", ""title"": ""输入电源断"", ""location"": ""SubNetwork=1004,ManagedElement=1396905,Equipment=1,ReplaceableUnit=66"", ""reason"": ""外部掉电""}, {""@rid"": ""#-1:0a56a80c-63de-4420-bdd5-55cfd21b935d"", ""title"": ""输入电源断"", ""location"": ""SubNetwork=1004,ManagedElement=1396905,Equipment=1,ReplaceableUnit=64"", ""reason"": ""外部掉电""}, {""@rid"": ""#-1:fc646576-379a-42bc-be7a-c17458afbed2"", ""title"": ""输入电源断"", ""location"": ""SubNetwork=1004,ManagedElement=1396905,Equipment=1,ReplaceableUnit=65"", ""reason"": ""外部掉电""}]}"
f4e3affa-e61b-4f4c-851b-bd41565a8b4f,"{""rootcause"": [{""@rid"": ""#-1:54382ab7-1773-4045-940d-1363fa4b0c19"", ""title"": ""射频单元驻波告警"", ""location"": ""柜号:0; 框号:200; 槽号:0; :0; 类型:MRRU; 告警(0.1):18; (0.1):18; 输出(0.1dBm):348; 端口:NULL"", ""reason"": ""516""}]}"
f57b8fbe-bd33-4dc7-95ef-fbffa4552754,"{""rootcause"": [{""@rid"": ""#-1:b0d6ec00-a8ba-4120-9c33-ccb406b404e7"", ""title"": ""光口链路故障"", ""location"": ""SubNetwork=1004,ManagedElement=1390908,Equipment=1,ReplaceableUnit=VBP_1_8,RiPort=OF1"", ""reason"": ""光口链路故障""}, {""@rid"": ""#-1:6a98c4fc-17a3-4c73-8943-efbd109d5b9d"", ""title"": ""光口链路故障"", ""location"": ""SubNetwork=1004,ManagedElement=1390908,Equipment=1,ReplaceableUnit=VBP_1_6,RiPort=OF3"", ""reason"": ""光口链路故障""}, {""@rid"": ""#-1:245caebe-e60c-43fc-b1a4-ebdb838df6d1"", ""title"": ""光模块接收光功率异常"", ""location"": ""SubNetwork=1004,ManagedElement=1390908,Equipment=1,ReplaceableUnit=VBP_1_6,RiPort=OF3"", ""reason"": ""光模块接收功率过低""}, {""@rid"": ""#-1:308c2d62-6ef1-4511-9450-c7107a6cfd22"", ""title"": ""光口链路故障"", ""location"": ""SubNetwork=1004,ManagedElement=1390908,Equipment=1,ReplaceableUnit=81,RiPort=OPT1"", ""reason"": ""光口链路故障""}]}"
f5d8607f-a5da-4be8-8786-b8cab1152cec,"{""rootcause"": [{""@rid"": ""#-1:8efe0edb-ab9d-4765-b881-9d8823f77148"", ""title"": ""输入电源断"", ""location"": ""SubNetwork=1004,ManagedElement=1393551,Equipment=1,ReplaceableUnit=61"", ""reason"": ""外部掉电""}, {""@rid"": ""#-1:12885ef5-51c6-416e-87ca-ad6019dfbc32"", ""title"": ""输入电源断"", ""location"": ""SubNetwork=1004,ManagedElement=1393551,Equipment=1,ReplaceableUnit=63"", ""reason"": ""外部掉电""}, {""@rid"": ""#-1:25b99681-e296-44c8-8fb6-ac3b4054bacc"", ""title"": ""输入电源断"", ""location"": ""SubNetwork=1004,ManagedElement=1393551,Equipment=1,ReplaceableUnit=62"", ""reason"": ""外部掉电""}]}"
f619be81-5da5-4ab0-aa30-4a3b69eecb57,"{""rootcause"": [{""@rid"": ""#-1:dad9b5bc-055f-441a-9893-8dddde0fde2f"", ""title"": ""射频单元交流掉电告警"", ""location"": ""柜号:0; 框号:212; 槽号:0; 类型:MRRU"", ""reason"": ""551""}]}"
f638f6f3-5b9d-4197-a126-6c75a2fdde18,"{""rootcause"": [{""@rid"": ""#-1:44eea185-cc49-4631-86aa-447d58c86982"", ""title"": ""RRU链路断"", ""location"": ""SubNetwork=1003,ManagedElement=55381,Equipment=1,Rack=65,SubRack=1,Slot=1,PlugInUnit=1,SdrDeviceGroup=1"", ""reason"": ""1. BBU和RRU之间或者上下级RRU之间的光纤故障。\n2. RRU光模块或上联的BBU光模块故障。\n3. RRU未供电。\n4. BBU接口单板故障。\n5. RRU故障。\n6. lr端口线速率配置错误。\n7. 单板硬件自检。""}]}"
f6a6325f-450b-426e-a0d9-505b9996adfc,"{""rootcause"": [{""@rid"": ""#-1:897da660-69c6-490e-938a-09f66c1e8163"", ""title"": ""射频单元直流掉电告警"", ""location"": ""柜号:0; 框号:152; 槽号:0; 类型:MRRU"", ""reason"": ""551""}]}"
f6ba07c1-8b94-49dc-83a1-33198a6fc316,"{""rootcause"": [{""@rid"": ""#-1:596b5bb4-40b5-4bc4-bd92-ceb0355e41f7"", ""title"": ""RRU链路断"", ""location"": ""SubNetwork=5308,ManagedElement=831536,Equipment=1,ReplaceableUnit=52"", ""reason"": ""RRU链路断""}, {""@rid"": ""#-1:5beada60-a959-4c92-8852-2af0eb0102c5"", ""title"": ""RRU链路断"", ""location"": ""SubNetwork=5308,ManagedElement=594317,Equipment=1,Rack=57,SubRack=1,Slot=1,PlugInUnit=1,SdrDeviceGroup=1"", ""reason"": ""1. BBU和RRU之间或者上下级RRU之间的光纤故障。\n2. RRU光模块或上联的BBU光模块故障。\n3. RRU未供电。\n4. BBU接口单板故障。\n5. RRU故障。\n6. lr端口线速率配置错误。\n7. 单板硬件自检。""}]}"
f6f3960b-9fe9-4c79-bf74-9d18b405cd00,"{""rootcause"": [{""@rid"": ""#-1:138ca27b-e8ff-4527-a6c5-db89abc571cb"", ""title"": ""设备掉电"", ""location"": ""sbn=0,NodeMe=474024,Equipment=1,rack=63,shelf=1,board=1"", ""reason"": ""1. 市电异常。\n2. 外部供电设备故障。""}, {""@rid"": ""#-1:70872989-cef8-47ec-98da-4b5f05f14124"", ""title"": ""设备掉电"", ""location"": ""sbn=0,NodeMe=474024,Equipment=1,rack=62,shelf=1,board=1"", ""reason"": ""1. 市电异常。\n2. 外部供电设备故障。""}]}"
f715e5bc-38b1-4db9-b863-0642125d72be,"{""rootcause"": [{""@rid"": ""#-1:b6cae825-7a48-437b-948b-285b12ca21c3"", ""title"": ""RRU链路断"", ""location"": ""SubNetwork=1004,ManagedElement=1408257,Equipment=1,ReplaceableUnit=51"", ""reason"": ""RRU链路断""}, {""@rid"": ""#-1:df517462-aff1-4c1d-82fe-2cd23fcfea67"", ""title"": ""RRU链路断"", ""location"": ""SubNetwork=1004,ManagedElement=1408257,Equipment=1,ReplaceableUnit=53"", ""reason"": ""RRU链路断""}, {""@rid"": ""#-1:59f375ba-9f0b-49a8-bebc-822a443acece"", ""title"": ""RRU链路断"", ""location"": ""SubNetwork=1004,ManagedElement=1408257,Equipment=1,ReplaceableUnit=52"", ""reason"": ""RRU链路断""}]}"
f85240db-96a5-407f-8ff3-b0af3d8f6d05,"{""rootcause"": [{""@rid"": ""#-1:0b53b08a-b742-4b51-8467-5443dfca6333"", ""title"": ""BBU CPRI接口异常告警"", ""location"": ""柜号:0; 框号:0; 槽号:0; 端口号:0; 端口号:0; 类型:UBBP; :CPRI接口异常"", ""reason"": ""567""}, {""@rid"": ""#-1:858ae07c-232a-4cd1-9677-c9a738e0860b"", ""title"": ""BBU CPRI接口异常告警"", ""location"": ""柜号:0; 框号:0; 槽号:0; 端口号:0; 端口号:0; 类型:UBBP; :"", ""reason"": ""567""}]}"
f8dbff61-d6e7-47ce-b008-10b25273066a,"{""rootcause"": [{""@rid"": ""#-1:5be3eaee-a550-4718-abc9-426290d1d193"", ""title"": ""射频单元驻波告警"", ""location"": ""柜号:0; 框号:200; 槽号:0; :0; 类型:MRRU; 告警(0.1):18; (0.1):41; 输出(0.1dBm):303; 端口:NULL"", ""reason"": ""516""}]}"
f914327c-c695-4ca4-abf8-f60a6b960120,"{""rootcause"": [{""@rid"": ""#-1:44babb27-4aeb-4f40-9cab-45ba9c964faa"", ""title"": ""射频单元直流掉电告警"", ""location"": ""柜号:0; 框号:150; 槽号:0; 类型:MRRU"", ""reason"": ""551""}, {""@rid"": ""#-1:1f80709b-11bb-4a6d-91ae-21005a2730ca"", ""title"": ""射频单元直流掉电告警"", ""location"": ""柜号:0; 框号:151; 槽号:0; 类型:MRRU"", ""reason"": ""551""}, {""@rid"": ""#-1:c6ad6c97-9b6c-49dc-8051-8b06a544d8c1"", ""title"": ""射频单元直流掉电告警"", ""location"": ""柜号:0; 框号:152; 槽号:0; 类型:MRRU"", ""reason"": ""551""}]}"
fa82abed-1394-4701-b303-e3a5371d30af,"{""rootcause"": [{""@rid"": ""#-1:e4cfb593-36a1-4d2b-8f0d-ab6d13c85dc9"", ""title"": ""网元连接中断"", ""location"": ""网元名称:4G时1HM; 网元IP地址:10.150.137.66; 网元IP地址(IP Mode):NULL; 端口:6007; 错误:N/A; 信息:端口时; 分:MediationService5309; OMC IP:10.224.27.31"", ""reason"": ""718""}]}"
faa00ed5-c0b9-445e-98ac-671035a4a239,"{""rootcause"": [{""@rid"": ""#-1:5173cc70-f178-481c-865b-a5a5f0d3c249"", ""title"": ""ETH_LOS"", ""location"": ""5-D2EG2-2(PORT-2)-MAC:1"", ""reason"": ""(1)端口已使能但端口的网线或光纤没有连接好；\n(2)网线或光纤故障；\n(3)对端发送部分故障；\n(4)本端接收部分故障。\n(5)灰光光模块与彩光光模块对接，端口可能上ETH_LOS。\n(6)彩光光模块对接，配置不同波长。\n(7)对接端口的传输模式不一致或者FEC模式不一致。""}]}"
fad26f6d-c956-4598-9639-39fef649b32c,"{""rootcause"": [{""@rid"": ""#-1:e3fc05eb-5e22-47d4-84dc-338436296991"", ""title"": ""设备掉电"", ""location"": ""SubNetwork=5309,ManagedElement=594580,Equipment=1,Rack=57,SubRack=1,Slot=1,PlugInUnit=1,SdrDeviceGroup=1"", ""reason"": ""1. 市电异常。\n2. 外部供电设备故障。""}, {""@rid"": ""#-1:f9d64afc-8fcb-4d95-9ff0-37f50f7d2783"", ""title"": ""设备掉电"", ""location"": ""SubNetwork=5309,ManagedElement=594580,Equipment=1,Rack=54,SubRack=1,Slot=1,PlugInUnit=1,SdrDeviceGroup=1"", ""reason"": ""1. 市电异常。\n2. 外部供电设备故障。""}, {""@rid"": ""#-1:096fad4b-b70e-46c2-b028-54f3cae4266a"", ""title"": ""设备掉电"", ""location"": ""SubNetwork=5309,ManagedElement=594580,Equipment=1,Rack=56,SubRack=1,Slot=1,PlugInUnit=1,SdrDeviceGroup=1"", ""reason"": ""1. 市电异常。\n2. 外部供电设备故障。""}, {""@rid"": ""#-1:45f33f70-9bd9-4726-8a18-995f324dd172"", ""title"": ""设备掉电"", ""location"": ""SubNetwork=5309,ManagedElement=594580,Equipment=1,Rack=59,SubRack=1,Slot=1,PlugInUnit=1,SdrDeviceGroup=1"", ""reason"": ""1. 市电异常。\n2. 外部供电设备故障。""}, {""@rid"": ""#-1:e9e6853e-519f-46b4-821e-0ab0fe97ef51"", ""title"": ""设备掉电"", ""location"": ""SubNetwork=5309,ManagedElement=594580,Equipment=1,Rack=53,SubRack=1,Slot=1,PlugInUnit=1,SdrDeviceGroup=1"", ""reason"": ""1. 市电异常。\n2. 外部供电设备故障。""}, {""@rid"": ""#-1:abddd8e0-037c-45d8-b969-f321cc1d80b2"", ""title"": ""设备掉电"", ""location"": ""SubNetwork=5309,ManagedElement=594580,Equipment=1,Rack=61,SubRack=1,Slot=1,PlugInUnit=1,SdrDeviceGroup=1"", ""reason"": ""1. 市电异常。\n2. 外部供电设备故障。""}, {""@rid"": ""#-1:a5ec568a-0395-45f0-9e0c-d7b5cdbe0e71"", ""title"": ""设备掉电"", ""location"": ""SubNetwork=5309,ManagedElement=594580,Equipment=1,Rack=64,SubRack=1,Slot=1,PlugInUnit=1,SdrDeviceGroup=1"", ""reason"": ""1. 市电异常。\n2. 外部供电设备故障。""}]}"
faeeeb88-468e-485d-b71b-d3f799baaaf0,"{""rootcause"": [{""@rid"": ""#-1:28976d88-a314-4ad8-a917-8058c54a6d1f"", ""title"": ""RRU链路断"", ""location"": ""SubNetwork=1003,ManagedElement=52617,Equipment=1,Rack=92,SubRack=1,Slot=1,PlugInUnit=1,SdrDeviceGroup=1"", ""reason"": ""1. BBU和RRU之间或者上下级RRU之间的光纤故障。\n2. RRU光模块或上联的BBU光模块故障。\n3. RRU未供电。\n4. BBU接口单板故障。\n5. RRU故障。\n6. lr端口线速率配置错误。\n7. 单板硬件自检。""}]}"
fb16c2f2-bfd5-4485-a7c9-4c2ece56f669,"{""rootcause"": [{""@rid"": ""#-1:1a1d734b-225a-4e24-a21b-832d6a43fa81"", ""title"": ""射频单元CPRI接口异常告警"", ""location"": ""柜号:0; 框号:60; 槽号:0; 端口号:端口0; 端口号:0; 类型:AIRU; :"", ""reason"": ""566""}]}"
fb7d9c49-95ba-458e-9828-59d5a3479ac8,"{""rootcause"": [{""@rid"": ""#-1:45838472-8ed1-4134-9691-894755bfb519"", ""title"": ""光口链路故障"", ""location"": ""SubNetwork=1004,ManagedElement=1393650,Equipment=1,ReplaceableUnit=VBP_1_4,RiPort=OF1"", ""reason"": ""光口链路故障""}, {""@rid"": ""#-1:c8ee0441-f6db-45ba-8c79-be45fc7b5b54"", ""title"": ""光口链路故障"", ""location"": ""SubNetwork=1004,ManagedElement=1393650,Equipment=1,ReplaceableUnit=VBP_1_4,RiPort=OF2"", ""reason"": ""光口链路故障""}, {""@rid"": ""#-1:7aab5c12-deb4-46cb-842f-6e173d856296"", ""title"": ""光口链路故障"", ""location"": ""SubNetwork=1004,ManagedElement=1393650,Equipment=1,ReplaceableUnit=VBP_1_4,RiPort=OF3"", ""reason"": ""光口链路故障""}]}"
fbf932cc-30d5-46cd-b979-b5d969cb1689,"{""rootcause"": [{""@rid"": ""#-1:048073ec-57c4-4a24-80f6-36df6e8b06f6"", ""title"": ""射频单元维护链路异常告警"", ""location"": ""柜号:0; 框号:155; 槽号:0; 类型:MRRU; :"", ""reason"": ""567""}]}"
fc783f28-fab6-4728-a2e2-c150c115f40f,"{""rootcause"": [{""@rid"": ""#-1:4e685b53-703e-4775-9cfb-7950d6e12276"", ""title"": ""DU小区退服"", ""location"": ""SubNetwork=5305,ManagedElement=2572842,GNBDUFunction=460-00_2572842,NRCellDU=12"", ""reason"": ""RRU资源准备中或光口通信异常""}]}"
fcead0b1-a014-4436-9e49-8041559471da,"{""rootcause"": [{""@rid"": ""#-1:de869e03-6dd6-4bb4-88b7-211e1c522c8a"", ""title"": ""RRU链路断"", ""location"": ""SubNetwork=1003,ManagedElement=498193,Equipment=1,Rack=51,SubRack=1,Slot=1,PlugInUnit=1,SdrDeviceGroup=1"", ""reason"": ""1. BBU和RRU之间或者上下级RRU之间的光纤故障。\n2. RRU光模块或上联的BBU光模块故障。\n3. RRU未供电。\n4. BBU接口单板故障。\n5. RRU故障。\n6. lr端口线速率配置错误。\n7. 单板硬件自检。""}]}"
fd60e083-8de7-42ac-b51d-cb48b6924b72,"{""rootcause"": [{""@rid"": ""#-1:55bfd8d0-efdf-430e-b802-efd3fb90c1ce"", ""title"": ""[衍生告警]PTN光缆中断，单报LOS"", ""location"": ""PXGA[0-1-18]-10GE\\:1"", ""reason"": ""以太网物理接口(ETPI) 信号丢失(LOS)""}]}"
fde23762-9d4c-48a7-ade0-2fc4ed9af9f8,"{""rootcause"": [{""@rid"": ""#-1:aca47da7-84cc-41fa-96ec-9e69fca29131"", ""title"": ""输入电源断"", ""location"": ""SubNetwork=1004,ManagedElement=1397189,Equipment=1,ReplaceableUnit=65"", ""reason"": ""外部掉电""}, {""@rid"": ""#-1:3892e9b0-81a8-4740-bd4f-2ee3c95bc551"", ""title"": ""输入电源断"", ""location"": ""SubNetwork=1004,ManagedElement=1397189,Equipment=1,ReplaceableUnit=64"", ""reason"": ""外部掉电""}, {""@rid"": ""#-1:739916a1-3bd3-4130-94e7-cd6bfb82dd0c"", ""title"": ""输入电源断"", ""location"": ""SubNetwork=1004,ManagedElement=1397189,Equipment=1,ReplaceableUnit=66"", ""reason"": ""外部掉电""}]}"
fea408ae-3b8a-4cbc-8ad5-bfbb5ba61b83,"{""rootcause"": [{""@rid"": ""#-1:2735d39d-82d2-4420-bf05-a9caa5daecb9"", ""title"": ""射频单元驻波告警"", ""location"": ""柜号:0; 框号:218; 槽号:0; :0; 类型:MRRU; 告警(0.1):18; (0.1):18; 输出(0.1dBm):377; 端口:NULL"", ""reason"": ""516""}]}"
ff74c578-a27f-4abb-9715-2eaf3753cdb4,"{""rootcause"": [{""@rid"": ""#-1:4315c01d-8ddd-4436-a080-a24937de22e9"", ""title"": ""RRU链路断"", ""location"": ""SubNetwork=1100,ManagedElement=1427874,Equipment=1,ReplaceableUnit=184"", ""reason"": ""RRU链路断""}]}"
ff760551-d2f8-492a-aebf-77f185724db0,"{""rootcause"": [{""@rid"": ""#-1:d46edc17-80f8-49df-a5d1-3ef256aab9c1"", ""title"": ""RHUB与pRRU间链路异常告警"", ""location"": ""柜号:0; 框号:120; 槽号:0; 端口:0; 类型:RHUB; :传输异常"", ""reason"": ""566""}]}"
ff9fc57f-0b6c-49af-9a8a-0abb73dc262d,"{""rootcause"": [{""@rid"": ""#-1:ee3a0d09-248c-4b1e-b9b7-0f33c534dfb8"", ""title"": ""射频单元IR接口异常告警"", ""location"": ""柜号:0; 框号:206; 槽号:0; 端口号:端口0; 类型:MRRU; :IR接口异常"", ""reason"": ""69""}]}"
